R48 段电流连续根 门b判别跑：逐轮对比（由逐轮轨迹 .tsv 离线算出，本档不跑求解器；生成 2026-09-23 19:37:38 UTC，Linux）
相对差 = |q_A − q_B| / max(|q_A|,|q_B|)；q = max(δ,真残差)·放大/0.025（本批全部轮次当轮容差都是 0.025 K，q 与 qStop 相等）；max|ΔI| = 同轮两跑三段电流之差的最大绝对值 A。「首个相对差 ≥ 1e−3／≥ 1e−1 的轮」只是描述用的标记（选定），不是判据。
分析脚本：scratchpad/p3_ana.py、p3_sum.py（未入库）

################ SEG 单树 cde3aba（门 b 首跑那棵树的提交）　证据 R48_段电流连续根_门b判别跑_本次开跑于2026-09-23_191620.txt
b_收紧10倍: 停机轮 26 对 33（差 7）；最热铂差 2.254e-04 K，管根差 2.292e-05 K，认证误差之和 0.0367 K；净流入差 9.219e-06 W；耗时 1076/1181 s
a_现役容差: 停机轮 33 对 29（差 4）；最热铂差 7.065e-05 K，管根差 1.023e-04 K，认证误差之和 0.0107 K；净流入差 3.889e-05 W；耗时 1174/1130 s
c_收紧100倍: 停机轮 36 对 31（差 5）；最热铂差 9.697e-06 K，管根差 1.937e-04 K，认证误差之和 0.0206 K；净流入差 6.641e-05 W；耗时 1206/1173 s
a'_现役容差_无Anderson: 停机轮 0 对 0（差 0）；最热铂差 nan K，管根差 nan K，认证误差之和 nan K；净流入差 nan W；耗时 1220/1217 s
== a'_现役容差_无Anderson: A 记录 40 轮, B 记录 40 轮; A 末轮 qStop 63.52871251080122, B 末轮 qStop 63.52889748935189
轮	q_A(/0.025)	q_B	相对差	qStop_A	qStop_B	tol_A	tol_B	max|ΔI| A
1	94828.1	94828.1	1.24e-09	9.483e+04	9.483e+04	0.025	0.025	1.54e-06
2	94827	94827	1.44e-09	9.483e+04	9.483e+04	0.025	0.025	2.28e-06
3	29981.4	29981.4	9.11e-10	2.998e+04	2.998e+04	0.025	0.025	1.08e-06
4	9686.9	9686.9	4.05e-10	9687	9687	0.025	0.025	9.81e-07
5	3272.55	3272.54	9.32e-08	3273	3273	0.025	0.025	4.67e-07
6	1204.43	1204.43	4.34e-08	1204	1204	0.025	0.025	2.73e-07
7	516.058	516.058	4.97e-08	516.1	516.1	0.025	0.025	1.37e-06
8	275.07	275.07	4.95e-07	275.1	275.1	0.025	0.025	7.01e-07
9	182.044	182.044	2.63e-07	182	182	0.025	0.025	3.35e-07
10	140.9	140.9	2.25e-06	140.9	140.9	0.025	0.025	1.60e-07
11	119.749	119.75	1.64e-06	119.7	119.7	0.025	0.025	7.75e-08
12	107.343	107.344	3.83e-06	107.3	107.3	0.025	0.025	1.58e-06
13	99.3104	99.3106	2.47e-06	99.31	99.31	0.025	0.025	7.56e-07
14	93.7203	93.7207	4.56e-06	93.72	93.72	0.025	0.025	3.11e-07
15	89.6015	89.6018	2.84e-06	89.6	89.6	0.025	0.025	2.24e-06
37	65.336	65.3364	5.62e-06	65.34	65.34	0.025	0.025	1.31e-07
38	64.8147	64.8149	2.67e-06	64.81	64.81	0.025	0.025	5.73e-07
39	64.2977	64.2979	4.14e-06	64.3	64.3	0.025	0.025	6.36e-07
40	63.5287	63.5289	2.91e-06	63.53	63.53	0.025	0.025	4.72e-07
首个相对差>=1e-3 的轮: None; 首个相对差>=1e-1 的轮: None
== a_现役容差: A 记录 33 轮, B 记录 29 轮; A 末轮 qStop 0.11729691116495332, B 末轮 qStop 0.31066540250214614
轮	q_A(/0.025)	q_B	相对差	qStop_A	qStop_B	tol_A	tol_B	max|ΔI| A
1	94828.1	94828.1	1.24e-09	9.483e+04	9.483e+04	0.025	0.025	1.54e-06
2	94826.6	94826.6	1.51e-09	9.483e+04	9.483e+04	0.025	0.025	2.54e-06
3	9886.26	9886.28	2.34e-06	9886	9886	0.025	0.025	4.40e-06
4	26404.3	26406.8	9.19e-05	2.64e+04	2.641e+04	0.025	0.025	2.41e-05
5	5544.77	5528.94	2.85e-03	5545	5529	0.025	0.025	1.12e-06
6	2622.42	2621.76	2.51e-04	2622	2622	0.025	0.025	2.67e-07
7	198.541	198.794	1.27e-03	198.5	198.8	0.025	0.025	1.24e-07
8	87.6449	87.6286	1.85e-04	87.64	87.63	0.025	0.025	5.66e-07
9	92.403	92.4295	2.87e-04	92.4	92.43	0.025	0.025	4.38e-06
10	88.041	87.9812	6.79e-04	88.04	87.98	0.025	0.025	6.88e-06
11	106.781	106.751	2.79e-04	106.8	106.8	0.025	0.025	1.29e-04
12	113.294	129.356	1.24e-01	113.3	129.4	0.025	0.025	5.35e-04
13	269.784	92.7088	6.56e-01	269.8	92.71	0.025	0.025	3.37e-03
14	256.425	103.31	5.97e-01	256.4	103.3	0.025	0.025	6.82e-03
15	115.608	434.432	7.34e-01	115.6	434.4	0.025	0.025	1.39e-02
26	7.65455	35.4084	7.84e-01	7.655	35.41	0.025	0.025	1.45e-03
27	15.7542	31.1328	4.94e-01	15.75	31.13	0.025	0.025	1.14e-03
28	68.6559	2.13691	9.69e-01	68.66	2.137	0.025	0.025	5.68e-04
29	7.59004	0.310665	9.59e-01	7.59	0.3107	0.025	0.025	5.21e-04
首个相对差>=1e-3 的轮: 5; 首个相对差>=1e-1 的轮: 12
== b_收紧10倍: A 记录 26 轮, B 记录 33 轮; A 末轮 qStop 0.5908143518896647, B 末轮 qStop 0.8759699928685805
轮	q_A(/0.025)	q_B	相对差	qStop_A	qStop_B	tol_A	tol_B	max|ΔI| A
1	94828.2	94828.2	1.67e-09	9.483e+04	9.483e+04	0.025	0.025	3.65e-09
2	94826.8	94826.8	2.83e-09	9.483e+04	9.483e+04	0.025	0.025	5.60e-06
3	9884.05	9887.11	3.10e-04	9884	9887	0.025	0.025	1.12e-06
4	26406	26406.4	1.40e-05	2.641e+04	2.641e+04	0.025	0.025	5.62e-06
5	5558.35	5555.42	5.28e-04	5558	5555	0.025	0.025	6.83e-06
6	2608.18	2611.94	1.44e-03	2608	2612	0.025	0.025	2.31e-06
7	196.641	197.743	5.57e-03	196.6	197.7	0.025	0.025	8.02e-07
8	87.7406	87.8231	9.40e-04	87.74	87.82	0.025	0.025	2.87e-06
9	92.4052	92.5177	1.22e-03	92.41	92.52	0.025	0.025	1.94e-05
10	87.5432	87.5724	3.34e-04	87.54	87.57	0.025	0.025	8.44e-05
11	105.788	105.966	1.68e-03	105.8	106	0.025	0.025	3.95e-05
12	100.026	135.925	2.64e-01	100	135.9	0.025	0.025	1.12e-03
13	192.736	218.839	1.19e-01	192.7	218.8	0.025	0.025	1.76e-03
14	456.757	385.007	1.57e-01	456.8	385	0.025	0.025	1.16e-04
15	270.833	1142.37	7.63e-01	270.8	1142	0.025	0.025	1.98e-02
23	65.0655	38.1262	4.14e-01	65.07	38.13	0.025	0.025	1.78e-03
24	18.3991	68.7913	7.33e-01	18.4	68.79	0.025	0.025	9.54e-04
25	4.76847	26.3648	8.19e-01	4.768	26.36	0.025	0.025	3.18e-04
26	0.590814	23.9779	9.75e-01	0.5908	23.98	0.025	0.025	3.99e-04
首个相对差>=1e-3 的轮: 6; 首个相对差>=1e-1 的轮: 12
== c_收紧100倍: A 记录 36 轮, B 记录 31 轮; A 末轮 qStop 0.24702216321265924, B 末轮 qStop 0.5771247961555193
轮	q_A(/0.025)	q_B	相对差	qStop_A	qStop_B	tol_A	tol_B	max|ΔI| A
1	94828.2	94828.2	1.23e-10	9.483e+04	9.483e+04	0.025	0.025	1.55e-06
2	94826.8	94826.8	2.29e-10	9.483e+04	9.483e+04	0.025	0.025	2.43e-06
3	9886.75	9886.81	5.43e-06	9887	9887	0.025	0.025	3.12e-06
4	26407.4	26406.3	3.90e-05	2.641e+04	2.641e+04	0.025	0.025	2.24e-05
5	5541.71	5555.14	2.42e-03	5542	5555	0.025	0.025	6.74e-06
6	2613.83	2611.95	7.21e-04	2614	2612	0.025	0.025	2.05e-06
7	198.935	197.789	5.76e-03	198.9	197.8	0.025	0.025	2.16e-06
8	87.8702	87.8433	3.06e-04	87.87	87.84	0.025	0.025	1.55e-05
9	92.5461	92.5356	1.14e-04	92.55	92.54	0.025	0.025	4.65e-05
10	88.4695	86.7868	1.90e-02	88.47	86.79	0.025	0.025	5.30e-04
11	106.577	104.586	1.87e-02	106.6	104.6	0.025	0.025	9.19e-04
12	106.171	101.784	4.13e-02	106.2	101.8	0.025	0.025	1.05e-03
13	174.413	208.78	1.65e-01	174.4	208.8	0.025	0.025	1.83e-03
14	588.027	86.2726	8.53e-01	588	86.27	0.025	0.025	9.81e-03
15	332.375	506.26	3.43e-01	332.4	506.3	0.025	0.025	2.88e-02
28	8.28006	23.7281	6.51e-01	8.28	23.73	0.025	0.025	3.04e-03
29	98.5021	5.95085	9.40e-01	98.5	5.951	0.025	0.025	9.73e-04
30	81.1884	31.9736	6.06e-01	81.19	31.97	0.025	0.025	1.27e-03
31	126.493	0.577125	9.95e-01	126.5	0.5771	0.025	0.025	1.77e-03
首个相对差>=1e-3 的轮: 5; 首个相对差>=1e-1 的轮: 13


################ 合并树 d6ae1f6（RING+SEG+C3+C2）　证据 R48_段电流连续根_门b判别跑_本次开跑于2026-09-23_185854.txt
c_收紧100倍: 停机轮 21 对 28（差 7）；最热铂差 1.095e-05 K，管根差 4.696e-06 K，认证误差之和 0.0175 K；净流入差 9.281e-08 W；耗时 892/1016 s
a_现役容差: 停机轮 23 对 23（差 0）；最热铂差 2.809e-06 K，管根差 5.496e-05 K，认证误差之和 0.0283 K；净流入差 1.772e-05 W；耗时 920/923 s
b_收紧10倍: 停机轮 28 对 30（差 2）；最热铂差 5.785e-06 K，管根差 3.102e-05 K，认证误差之和 0.0238 K；净流入差 1.360e-05 W；耗时 987/1023 s
a'_现役容差_无Anderson: 停机轮 0 对 0（差 0）；最热铂差 nan K，管根差 nan K，认证误差之和 nan K；净流入差 nan W；耗时 1083/1070 s
== a'_现役容差_无Anderson: A 记录 40 轮, B 记录 40 轮; A 末轮 qStop 59.77866072711923, B 末轮 qStop 59.77878624147014
轮	q_A(/0.025)	q_B	相对差	qStop_A	qStop_B	tol_A	tol_B	max|ΔI| A
1	94825.4	94825.4	2.96e-09	9.483e+04	9.483e+04	0.025	0.025	3.60e-08
2	94824.1	94824.1	2.80e-09	9.482e+04	9.482e+04	0.025	0.025	1.02e-07
3	29977.5	29977.5	1.55e-08	2.998e+04	2.998e+04	0.025	0.025	3.03e-08
4	9682.34	9682.34	6.07e-08	9682	9682	0.025	0.025	9.07e-08
5	3267.56	3267.56	1.53e-07	3268	3268	0.025	0.025	3.55e-08
6	1199.19	1199.19	2.80e-07	1199	1199	0.025	0.025	9.52e-08
7	510.682	510.682	1.94e-07	510.7	510.7	0.025	0.025	8.09e-08
8	269.641	269.641	8.96e-08	269.6	269.6	0.025	0.025	1.14e-07
9	176.616	176.617	1.26e-06	176.6	176.6	0.025	0.025	1.32e-07
10	135.509	135.509	9.46e-07	135.5	135.5	0.025	0.025	6.09e-08
11	114.416	114.416	5.81e-07	114.4	114.4	0.025	0.025	6.19e-08
12	102.082	102.082	1.91e-06	102.1	102.1	0.025	0.025	1.10e-07
13	94.1297	94.1293	3.84e-06	94.13	94.13	0.025	0.025	3.09e-08
14	88.6243	88.6243	5.16e-07	88.62	88.62	0.025	0.025	7.13e-08
15	84.5927	84.5928	9.54e-07	84.59	84.59	0.025	0.025	1.44e-07
37	61.4793	61.4793	1.20e-06	61.48	61.48	0.025	0.025	3.42e-08
38	60.9887	60.9886	1.13e-06	60.99	60.99	0.025	0.025	3.17e-08
39	60.5022	60.5021	1.09e-06	60.5	60.5	0.025	0.025	6.91e-08
40	59.7787	59.7788	2.10e-06	59.78	59.78	0.025	0.025	8.69e-08
首个相对差>=1e-3 的轮: None; 首个相对差>=1e-1 的轮: None
== a_现役容差: A 记录 23 轮, B 记录 23 轮; A 末轮 qStop 0.2152127617722246, B 末轮 qStop 0.9165969618004893
轮	q_A(/0.025)	q_B	相对差	qStop_A	qStop_B	tol_A	tol_B	max|ΔI| A
1	94825.4	94825.4	2.96e-09	9.483e+04	9.483e+04	0.025	0.025	3.60e-08
2	94823.7	94823.7	2.66e-09	9.482e+04	9.482e+04	0.025	0.025	6.48e-07
3	9661.2	9660.8	4.18e-05	9661	9661	0.025	0.025	1.41e-07
4	26585.2	26585.1	2.36e-06	2.659e+04	2.659e+04	0.025	0.025	3.07e-06
5	5492.79	5490.74	3.73e-04	5493	5491	0.025	0.025	2.69e-07
6	2583.91	2583.95	1.36e-05	2584	2584	0.025	0.025	3.49e-07
7	197.88	198.026	7.35e-04	197.9	198	0.025	0.025	2.09e-07
8	82.7959	82.7959	7.85e-07	82.8	82.8	0.025	0.025	6.01e-07
9	88.2177	88.2313	1.54e-04	88.22	88.23	0.025	0.025	1.99e-06
10	82.6461	82.7226	9.26e-04	82.65	82.72	0.025	0.025	1.16e-05
11	99.1006	99.1208	2.04e-04	99.1	99.12	0.025	0.025	2.29e-05
12	171.555	172.338	4.54e-03	171.6	172.3	0.025	0.025	5.87e-06
13	239.753	257.141	6.76e-02	239.8	257.1	0.025	0.025	3.81e-04
14	739.79	829.519	1.08e-01	739.8	829.5	0.025	0.025	2.38e-03
15	394.324	311.084	2.11e-01	394.3	311.1	0.025	0.025	5.28e-04
20	14.3205	17.1759	1.66e-01	14.32	17.18	0.025	0.025	3.48e-03
21	30.2009	67.5076	5.53e-01	30.2	67.51	0.025	0.025	1.29e-03
22	53.062	16.9175	6.81e-01	53.06	16.92	0.025	0.025	1.37e-04
23	0.215213	0.916597	7.65e-01	0.2152	0.9166	0.025	0.025	9.84e-05
首个相对差>=1e-3 的轮: 12; 首个相对差>=1e-1 的轮: 14
== b_收紧10倍: A 记录 28 轮, B 记录 30 轮; A 末轮 qStop 0.4814431454709797, B 末轮 qStop 0.4714137567607529
轮	q_A(/0.025)	q_B	相对差	qStop_A	qStop_B	tol_A	tol_B	max|ΔI| A
1	94825.6	94825.6	1.10e-09	9.483e+04	9.483e+04	0.025	0.025	4.19e-08
2	94823.9	94823.9	1.10e-09	9.482e+04	9.482e+04	0.025	0.025	5.87e-08
3	9661.08	9661.08	2.92e-07	9661	9661	0.025	0.025	1.10e-07
4	26585.5	26585.6	1.77e-06	2.659e+04	2.659e+04	0.025	0.025	3.49e-06
5	5504.86	5502.51	4.27e-04	5505	5503	0.025	0.025	2.64e-06
6	2574.49	2576.17	6.52e-04	2574	2576	0.025	0.025	1.11e-07
7	197.293	197.336	2.20e-04	197.3	197.3	0.025	0.025	1.05e-07
8	82.8824	82.8787	4.47e-05	82.88	82.88	0.025	0.025	6.81e-07
9	88.2076	88.2274	2.24e-04	88.21	88.23	0.025	0.025	3.39e-07
10	82.7492	82.7766	3.31e-04	82.75	82.78	0.025	0.025	3.97e-06
11	99.2179	99.0954	1.24e-03	99.22	99.1	0.025	0.025	9.46e-07
12	184.046	174.626	5.12e-02	184	174.6	0.025	0.025	1.98e-04
13	262.708	280.586	6.37e-02	262.7	280.6	0.025	0.025	1.92e-04
14	816.072	822.722	8.08e-03	816.1	822.7	0.025	0.025	3.51e-04
15	366.284	490.388	2.53e-01	366.3	490.4	0.025	0.025	3.12e-03
25	1.40918	1.69299	1.68e-01	1.409	1.693	0.025	0.025	3.40e-04
26	5.50917	2.0914	6.20e-01	5.509	2.091	0.025	0.025	7.94e-05
27	1.99223	4.42216	5.49e-01	1.992	4.422	0.025	0.025	2.79e-05
28	0.481443	3.83432	8.74e-01	0.4814	3.834	0.025	0.025	1.28e-04
首个相对差>=1e-3 的轮: 11; 首个相对差>=1e-1 的轮: 15
== c_收紧100倍: A 记录 21 轮, B 记录 28 轮; A 末轮 qStop 0.3916280209049211, B 末轮 qStop 0.309805544002711
轮	q_A(/0.025)	q_B	相对差	qStop_A	qStop_B	tol_A	tol_B	max|ΔI| A
1	94825.6	94825.6	1.77e-09	9.483e+04	9.483e+04	0.025	0.025	1.42e-08
2	94823.9	94823.9	1.28e-09	9.482e+04	9.482e+04	0.025	0.025	7.62e-07
3	9660.93	9661.42	5.14e-05	9661	9661	0.025	0.025	2.84e-07
4	26585.4	26585.6	6.75e-06	2.659e+04	2.659e+04	0.025	0.025	5.43e-07
5	5501.43	5501.08	6.33e-05	5501	5501	0.025	0.025	3.08e-07
6	2576.72	2576.87	5.71e-05	2577	2577	0.025	0.025	1.12e-07
7	197.44	197.419	1.10e-04	197.4	197.4	0.025	0.025	1.49e-07
8	82.888	82.8727	1.84e-04	82.89	82.87	0.025	0.025	2.92e-07
9	88.2349	88.2173	2.00e-04	88.23	88.22	0.025	0.025	7.05e-06
10	82.6904	82.774	1.01e-03	82.69	82.77	0.025	0.025	2.61e-05
11	99.1074	99.0817	2.60e-04	99.11	99.08	0.025	0.025	5.60e-05
12	176.966	173.047	2.21e-02	177	173	0.025	0.025	1.39e-04
13	299.768	277.044	7.58e-02	299.8	277	0.025	0.025	6.47e-04
14	709.437	797.495	1.10e-01	709.4	797.5	0.025	0.025	1.33e-03
15	479.675	488.471	1.80e-02	479.7	488.5	0.025	0.025	1.56e-03
18	9.09539	21.5585	5.78e-01	9.095	21.56	0.025	0.025	2.31e-03
19	53.8216	60.6849	1.13e-01	53.82	60.68	0.025	0.025	3.23e-03
20	37.8929	180.168	7.90e-01	37.89	180.2	0.025	0.025	1.72e-03
21	0.391628	173.635	9.98e-01	0.3916	173.6	0.025	0.025	3.52e-03
首个相对差>=1e-3 的轮: 10; 首个相对差>=1e-1 的轮: 14


################ 合并树 d6ae1f6 复跑 a　证据 R48_段电流连续根_门b判别跑_本次开跑于2026-09-23_191733.txt
a_现役容差: 停机轮 23 对 23（差 0）；最热铂差 2.809e-06 K，管根差 5.496e-05 K，认证误差之和 0.0283 K；净流入差 1.772e-05 W；耗时 280/288 s
== a_现役容差: A 记录 23 轮, B 记录 23 轮; A 末轮 qStop 0.2152127617722246, B 末轮 qStop 0.9165969618004893
轮	q_A(/0.025)	q_B	相对差	qStop_A	qStop_B	tol_A	tol_B	max|ΔI| A
1	94825.4	94825.4	2.96e-09	9.483e+04	9.483e+04	0.025	0.025	3.60e-08
2	94823.7	94823.7	2.66e-09	9.482e+04	9.482e+04	0.025	0.025	6.48e-07
3	9661.2	9660.8	4.18e-05	9661	9661	0.025	0.025	1.41e-07
4	26585.2	26585.1	2.36e-06	2.659e+04	2.659e+04	0.025	0.025	3.07e-06
5	5492.79	5490.74	3.73e-04	5493	5491	0.025	0.025	2.69e-07
6	2583.91	2583.95	1.36e-05	2584	2584	0.025	0.025	3.49e-07
7	197.88	198.026	7.35e-04	197.9	198	0.025	0.025	2.09e-07
8	82.7959	82.7959	7.85e-07	82.8	82.8	0.025	0.025	6.01e-07
9	88.2177	88.2313	1.54e-04	88.22	88.23	0.025	0.025	1.99e-06
10	82.6461	82.7226	9.26e-04	82.65	82.72	0.025	0.025	1.16e-05
11	99.1006	99.1208	2.04e-04	99.1	99.12	0.025	0.025	2.29e-05
12	171.555	172.338	4.54e-03	171.6	172.3	0.025	0.025	5.87e-06
13	239.753	257.141	6.76e-02	239.8	257.1	0.025	0.025	3.81e-04
14	739.79	829.519	1.08e-01	739.8	829.5	0.025	0.025	2.38e-03
15	394.324	311.084	2.11e-01	394.3	311.1	0.025	0.025	5.28e-04
20	14.3205	17.1759	1.66e-01	14.32	17.18	0.025	0.025	3.48e-03
21	30.2009	67.5076	5.53e-01	30.2	67.51	0.025	0.025	1.29e-03
22	53.062	16.9175	6.81e-01	53.06	16.92	0.025	0.025	1.37e-04
23	0.215213	0.916597	7.65e-01	0.2152	0.9166	0.025	0.025	9.84e-05
首个相对差>=1e-3 的轮: 12; 首个相对差>=1e-1 的轮: 14

