R48 探针一：细区半径（单片、管侧固定、均匀网格参照）（Opus 5）　2026-09-14 12:30
管壁 0.8 落点，保温按半径。R=∞ 即均匀网格（粗区 = 中带）。d = |抽热(R) − 抽热(∞)|。
── h = 2.0 mm（诊断行：只看单片能不能复现整线那 9.8 W，不进判读）
   片  半径     单元   抽热W    舌区发热W  舌区散热W  夹持流出W   孔边面数  Σt·L/d     平均d
   0    50      976  -11.213     410.44     243.86     165.66       104     318.8    1.0000
   0    59     1096  -22.925     458.15     277.43     168.10       104     318.8    1.0000
   0    90     1486  -11.368     414.23     248.62     164.52       104     318.8    1.0000
   0     ∞     1966  -13.287     423.48     254.23     166.25       104     318.8    1.0000
   片0 d(59) = 9.638 W　|抽热(50) − 抽热(59)| = 11.713 W
   1    50      976  -59.487     713.65     381.01     301.69       104     567.2    1.0000
   1    59     1096  -80.684     797.92     437.97     307.86       104     567.2    1.0000
   1    90     1486  -59.805     720.25     387.88     301.10       104     567.2    1.0000
   1     ∞     1966  -63.283     736.55     397.23     304.58       104     567.2    1.0000
   片1 d(59) = 17.401 W　|抽热(50) − 抽热(59)| = 21.197 W
   2    50      976  -105.055     715.95     323.38     316.09       104     567.2    1.0000
   2    59     1096  -130.074     803.65     375.92     326.31       104     567.2    1.0000
   2    90     1486  -105.445     722.59     329.47     316.25       104     567.2    1.0000
   2     ∞     1966  -109.503     739.39     337.99     320.49       104     567.2    1.0000
   片2 d(59) = 20.571 W　|抽热(50) − 抽热(59)| = 25.020 W
   3    50      976  -64.570     412.62     176.19     183.14       104     318.8    1.0000
   3    59     1096  -80.411     464.14     204.81     190.24       104     318.8    1.0000
   3    90     1486  -64.808     416.44     179.83     183.09       104     318.8    1.0000
   3     ∞     1966  -67.353     426.26     184.50     185.70       104     318.8    1.0000
   片3 d(59) = 13.059 W　|抽热(50) − 抽热(59)| = 15.842 W
── h = 1.0 mm
   片  半径     单元   抽热W    舌区发热W  舌区散热W  夹持流出W   孔边面数  Σt·L/d     平均d
   0    50     3642  -16.736     437.65     264.65     166.20       208     664.6    0.5000
   0    59     4062  -13.702     425.73     256.28     165.69       208     664.6    0.5000
   0    90     5562  -13.630     425.85     254.74     167.41       208     664.6    0.5000
   0     ∞     7782  -13.892     428.83     257.98     166.90       208     664.6    0.5000
   片0 d(59) = 0.190 W　|抽热(50) − 抽热(59)| = 3.034 W
   1    50     3642  -69.701     761.42     414.48     304.98       208    1189.3    0.5000
   1    59     4062  -64.217     740.38     400.30     303.59       208    1189.3    0.5000
   1    90     5562  -64.082     740.54     397.99     306.19       208    1189.3    0.5000
   1     ∞     7782  -64.568     745.78     402.84     306.10       208    1189.3    0.5000
   片1 d(59) = 0.351 W　|抽热(50) − 抽热(59)| = 5.485 W
   2    50     3642  -117.443     765.02     353.44     321.92       208    1189.3    0.5000
   2    59     4062  -111.002     743.13     340.40     319.49       208    1189.3    0.5000
   2    90     5562  -110.839     743.25     338.31     321.86       208    1189.3    0.5000
   2     ∞     7782  -111.414     748.59     342.66     322.27       208    1189.3    0.5000
   片2 d(59) = 0.412 W　|抽热(50) − 抽热(59)| = 6.441 W
   3    50     3642  -72.468     441.25     192.87     186.84       208     664.6    0.5000
   3    59     4062  -68.404     428.40     185.78     185.14       208     664.6    0.5000
   3    90     5562  -68.301     428.46     184.55     186.53       208     664.6    0.5000
   3     ∞     7782  -68.662     431.56     187.10     186.72       208     664.6    0.5000
   片3 d(59) = 0.257 W　|抽热(50) − 抽热(59)| = 4.063 W
── h = 0.5 mm
   片  半径     单元   抽热W    舌区发热W  舌区散热W  夹持流出W   孔边面数  Σt·L/d     平均d
   0    50    13846  -15.979     434.33     261.15     167.44       408    1410.1    0.2500
   0    59    15646  -17.113     438.78     264.27     167.64       408    1410.1    0.2500
   0    90    21646  -14.024     426.78     255.86     167.14       408    1410.1    0.2500
   0     ∞    31006  -14.928     431.45     259.37     167.41       408    1410.1    0.2500
   片0 d(59) = 2.185 W　|抽热(50) − 抽热(59)| = 1.134 W
   1    50    13846  -68.399     755.47     408.35     307.12       408    2497.7    0.2500
   1    59    15646  -70.450     763.33     413.63     307.66       408    2497.7    0.2500
   1    90    21646  -64.864     742.12     399.38     306.27       408    2497.7    0.2500
   1     ∞    31006  -66.504     750.36     405.04     307.22       408    2497.7    0.2500
   片1 d(59) = 3.947 W　|抽热(50) − 抽热(59)| = 2.051 W
   2    50    13846  -115.621     758.62     347.76     323.66       408    2497.7    0.2500
   2    59    15646  -118.031     766.79     352.61     324.59       408    2497.7    0.2500
   2    90    21646  -111.481     744.75     339.53     322.16       408    2497.7    0.2500
   2     ∞    31006  -113.400     753.23     344.67     323.59       408    2497.7    0.2500
   片2 d(59) = 4.630 W　|抽热(50) − 抽热(59)| = 2.409 W
   3    50    13846  -71.164     437.44     189.84     187.67       408    1410.1    0.2500
   3    59    15646  -72.683     442.24     192.48     188.32       408    1410.1    0.2500
   3    90    21646  -68.557     429.30     185.36     186.61       408    1410.1    0.2500
   3     ∞    31006  -69.763     434.26     188.24     187.49       408    1410.1    0.2500
   片3 d(59) = 2.920 W　|抽热(50) − 抽热(59)| = 1.519 W

★ 复现诊断（h=2.0，片2）：单片 |抽热(50) − 抽热(59)| = 25.020 W；整线实测 9.8 W。 ⇒ 单片也复现得出：网格本身就有这个量级的半径效应。
★ 判读（片2）：d(59, h=0.5) = 4.630 W（门槛 0.45）　d(59, h=1.0) = 0.412 W
   ⇒ **不满足** ⇒ 半径是未受控变量，加密阶梯的前提要重写，重解先别跑。
