R48 L 路 升温三候选量探针　场转储（每片按 x 列的廓线：x 区间 / 有料面积 / 面积加权平均温度）　开跑 2026-09-17 00:00:28　2026-09-16 Opus 5
── 设定点 300 °C　夹头 100 °C　片 0「入口」　T管根 335.1355 °C　单元 1006　列 53　切点 x -0　压接入口 x -100　舌尖 x -140
k	X0_mm	X1_mm	Area_mm2	Tmean_C
0	-140	-133	420	100
1	-133	-122	660	100
2	-122	-111	660	100
3	-111	-100	660	100
4	-100	-96.165678	230.05932	116.539989
5	-96.165678	-85.165678	660	175.679144
6	-85.165678	-75.51206	579.21708	239.255419
7	-75.51206	-68.0862	445.5516	279.207438
8	-68.0862	-62.374	342.732	303.115789
9	-62.374	-57.98	263.64	317.753879
10	-57.98	-54.6	202.8	326.908288
11	-54.6	-52	156	332.749228
12	-52	-50	120	336.54904
13	-50	-48	120	339.396983
14	-48	-46	120	341.794226
15	-46	-44	120	343.744969
16	-44	-42	120	345.251996
17	-42	-40	120	346.316392
18	-40	-38	120	346.937142
19	-38	-36	120	347.110519
20	-36	-34	120	346.829169
21	-34	-32	120	346.080704
22	-32	-30	120	344.845488
23	-30	-28	120	343.092333
24	-28	-26	120	340.658181
25	-26	-24	94.875	338.792335
26	-24	-22	73.125	337.4291
27	-22	-20	60.125	336.2598
28	-20	-18	51	335.367365
29	-18	-16	43	334.72462
30	-16	-14	36.25	334.318709
31	-14	-12	30.625	334.126859
32	-12	-10	26.5	334.111745
33	-10	-8	23.125	334.234815
34	-8	-6	20.75	334.401964
35	-6	-4	19	334.580723
36	-4	-2	16	334.712451
37	-2	0	16	334.816793
38	0	2	15.125	334.881464
39	2	4	15	334.891024
40	4	6	17.25	334.893635
41	6	8	17.5	334.886284
42	8	10	17.375	334.888339
43	10	12	17.625	334.881799
44	12	14	18.875	334.882452
45	14	16	19.375	334.892376
46	16	18	22	334.881189
47	18	20	23.875	334.879796
48	20	22	25	334.884538
49	22	24	30	334.888969
50	24	26	41	334.905769
51	26	28	51.375	334.888711
52	28	30	27.375	334.830026
── 设定点 300 °C　夹头 100 °C　片 1「HC1|HC2」　T管根 284.2833 °C　单元 1006　列 53　切点 x -0　压接入口 x -100　舌尖 x -140
k	X0_mm	X1_mm	Area_mm2	Tmean_C
0	-140	-133	420	100
1	-133	-122	660	100
2	-122	-111	660	100
3	-111	-100	660	100
4	-100	-96.165678	230.05932	109.316032
5	-96.165678	-85.165678	660	143.452382
6	-85.165678	-75.51206	579.21708	183.413878
7	-75.51206	-68.0862	445.5516	211.031249
8	-68.0862	-62.374	342.732	229.139717
9	-62.374	-57.98	263.64	241.25459
10	-57.98	-54.6	202.8	249.518446
11	-54.6	-52	156	255.258884
12	-52	-50	120	259.313294
13	-50	-48	120	262.5987
14	-48	-46	120	265.645306
15	-46	-44	120	268.454159
16	-44	-42	120	271.026051
17	-42	-40	120	273.361418
18	-40	-38	120	275.460192
19	-38	-36	120	277.321588
20	-36	-34	120	278.94376
21	-34	-32	120	280.323285
22	-32	-30	120	281.454349
23	-30	-28	120	282.327206
24	-28	-26	120	282.887781
25	-26	-24	94.875	282.921347
26	-24	-22	73.125	282.93501
27	-22	-20	60.125	283.042417
28	-20	-18	51	283.193787
29	-18	-16	43	283.343993
30	-16	-14	36.25	283.497944
31	-14	-12	30.625	283.645751
32	-12	-10	26.5	283.787485
33	-10	-8	23.125	283.923242
34	-8	-6	20.75	284.029298
35	-6	-4	19	284.112004
36	-4	-2	16	284.16518
37	-2	0	16	284.201428
38	0	2	15.125	284.221699
39	2	4	15	284.22551
40	4	6	17.25	284.226756
41	6	8	17.5	284.225511
42	8	10	17.375	284.226572
43	10	12	17.625	284.225482
44	12	14	18.875	284.225613
45	14	16	19.375	284.227773
46	16	18	22	284.224792
47	18	20	23.875	284.22421
48	20	22	25	284.225589
49	22	24	30	284.226983
50	24	26	41	284.23115
51	26	28	51.375	284.226467
52	28	30	27.375	284.210849
── 设定点 300 °C　夹头 100 °C　片 2「出口」　T管根 364.4252 °C　单元 1006　列 53　切点 x -0　压接入口 x -100　舌尖 x -140
k	X0_mm	X1_mm	Area_mm2	Tmean_C
0	-140	-133	420	100
1	-133	-122	660	100
2	-122	-111	660	100
3	-111	-100	660	100
4	-100	-96.165678	230.05932	122.624908
5	-96.165678	-85.165678	660	202.792795
6	-85.165678	-75.51206	579.21708	285.631951
7	-75.51206	-68.0862	445.5516	335.03217
8	-68.0862	-62.374	342.732	362.948944
9	-62.374	-57.98	263.64	378.979093
10	-57.98	-54.6	202.8	388.287564
11	-54.6	-52	156	393.731827
12	-52	-50	120	396.929707
13	-50	-48	120	399.058002
14	-48	-46	120	400.539959
15	-46	-44	120	401.378997
16	-44	-42	120	401.575614
17	-42	-40	120	401.126963
18	-40	-38	120	400.026243
19	-38	-36	120	398.261793
20	-36	-34	120	395.815723
21	-34	-32	120	392.661824
22	-32	-30	120	388.762291
23	-30	-28	120	384.061332
24	-28	-26	120	378.311126
25	-26	-24	94.875	374.608035
26	-24	-22	73.125	371.938549
27	-22	-20	60.125	369.435412
28	-20	-18	51	367.365793
29	-18	-16	43	365.776671
30	-16	-14	36.25	364.634957
31	-14	-12	30.625	363.927305
32	-12	-10	26.5	363.577732
33	-10	-8	23.125	363.50846
34	-8	-6	20.75	363.593845
35	-6	-4	19	363.752123
36	-4	-2	16	363.883973
37	-2	0	16	364.001286
38	0	2	15.125	364.07981
39	2	4	15	364.088395
40	4	6	17.25	364.090058
41	6	8	17.5	364.078837
42	8	10	17.375	364.081025
43	10	12	17.625	364.071297
44	12	14	18.875	364.072261
45	14	16	19.375	364.08667
46	16	18	22	364.071784
47	18	20	23.875	364.070454
48	20	22	25	364.076764
49	22	24	30	364.081968
50	24	26	41	364.104765
51	26	28	51.375	364.080737
52	28	30	27.375	363.998794
── 设定点 450 °C　夹头 100 °C　片 0「入口」　T管根 501.7036 °C　单元 1006　列 53　切点 x -0　压接入口 x -100　舌尖 x -140
k	X0_mm	X1_mm	Area_mm2	Tmean_C
0	-140	-133	420	100
1	-133	-122	660	100
2	-122	-111	660	100
3	-111	-100	660	100
4	-100	-96.165678	230.05932	129.630731
5	-96.165678	-85.165678	660	235.534601
6	-85.165678	-75.51206	579.21708	347.443471
7	-75.51206	-68.0862	445.5516	415.719796
8	-68.0862	-62.374	342.732	455.473965
9	-62.374	-57.98	263.64	479.265773
10	-57.98	-54.6	202.8	493.866811
11	-54.6	-52	156	503.033456
12	-52	-50	120	508.911011
13	-50	-48	120	513.257524
14	-48	-46	120	516.85501
15	-46	-44	120	519.71532
16	-44	-42	120	521.846632
17	-42	-40	120	523.252878
18	-40	-38	120	523.932922
19	-38	-36	120	523.879352
20	-36	-34	120	523.076664
21	-34	-32	120	521.4985
22	-32	-30	120	519.103322
23	-30	-28	120	515.825865
24	-28	-26	120	511.309978
25	-26	-24	94.875	507.694842
26	-24	-22	73.125	505.047338
27	-22	-20	60.125	502.865196
28	-20	-18	51	501.269582
29	-18	-16	43	500.167193
30	-16	-14	36.25	499.528022
31	-14	-12	30.625	499.292553
32	-12	-10	26.5	499.386493
33	-10	-8	23.125	499.734911
34	-8	-6	20.75	500.140373
35	-6	-4	19	500.546347
36	-4	-2	16	500.839323
37	-2	0	16	501.065479
38	0	2	15.125	501.204822
39	2	4	15	501.229941
40	4	6	17.25	501.238356
41	6	8	17.5	501.225722
42	8	10	17.375	501.230422
43	10	12	17.625	501.218506
44	12	14	18.875	501.219952
45	14	16	19.375	501.239062
46	16	18	22	501.217734
47	18	20	23.875	501.215099
48	20	22	25	501.224165
49	22	24	30	501.232632
50	24	26	41	501.264717
51	26	28	51.375	501.232125
52	28	30	27.375	501.120029
── 设定点 450 °C　夹头 100 °C　片 1「HC1|HC2」　T管根 434.2738 °C　单元 1006　列 53　切点 x -0　压接入口 x -100　舌尖 x -140
k	X0_mm	X1_mm	Area_mm2	Tmean_C
0	-140	-133	420	100
1	-133	-122	660	100
2	-122	-111	660	100
3	-111	-100	660	100
4	-100	-96.165678	230.05932	117.166036
5	-96.165678	-85.165678	660	180.191814
6	-85.165678	-75.51206	579.21708	254.00544
7	-75.51206	-68.0862	445.5516	304.706501
8	-68.0862	-62.374	342.732	337.698167
9	-62.374	-57.98	263.64	359.608322
10	-57.98	-54.6	202.8	374.455441
11	-54.6	-52	156	384.709799
12	-52	-50	120	391.916782
13	-50	-48	120	397.732436
14	-48	-46	120	403.100802
15	-46	-44	120	408.025075
16	-44	-42	120	412.507908
17	-42	-40	120	416.551201
18	-40	-38	120	420.155797
19	-38	-36	120	423.32104
20	-36	-34	120	426.044103
21	-34	-32	120	428.318965
22	-32	-30	120	430.134804
23	-30	-28	120	431.472986
24	-28	-26	120	432.233271
25	-26	-24	94.875	432.139689
26	-24	-22	73.125	432.051592
27	-22	-20	60.125	432.146698
28	-20	-18	51	432.344258
29	-18	-16	43	432.562326
30	-16	-14	36.25	432.807812
31	-14	-12	30.625	433.060274
32	-12	-10	26.5	433.315633
33	-10	-8	23.125	433.569766
34	-8	-6	20.75	433.773347
35	-6	-4	19	433.934789
36	-4	-2	16	434.039451
37	-2	0	16	434.111365
38	0	2	15.125	434.152146
39	2	4	15	434.160051
40	4	6	17.25	434.162704
41	6	8	17.5	434.160348
42	8	10	17.375	434.162472
43	10	12	17.625	434.160368
44	12	14	18.875	434.160635
45	14	16	19.375	434.164876
46	16	18	22	434.159035
47	18	20	23.875	434.157895
48	20	22	25	434.160599
49	22	24	30	434.16333
50	24	26	41	434.171499
51	26	28	51.375	434.162319
52	28	30	27.375	434.131701
── 设定点 450 °C　夹头 100 °C　片 2「出口」　T管根 539.8828 °C　单元 1006　列 53　切点 x -0　压接入口 x -100　舌尖 x -140
k	X0_mm	X1_mm	Area_mm2	Tmean_C
0	-140	-133	420	100
1	-133	-122	660	100
2	-122	-111	660	100
3	-111	-100	660	100
4	-100	-96.165678	230.05932	139.978041
5	-96.165678	-85.165678	660	281.237083
6	-85.165678	-75.51206	579.21708	422.4153
7	-75.51206	-68.0862	445.5516	502.593438
8	-68.0862	-62.374	342.732	546.048335
9	-62.374	-57.98	263.64	570.194458
10	-57.98	-54.6	202.8	583.844178
11	-54.6	-52	156	591.633296
12	-52	-50	120	596.091317
13	-50	-48	120	598.968662
14	-48	-46	120	600.863293
15	-46	-44	120	601.784313
16	-44	-42	120	601.733009
17	-42	-40	120	600.702001
18	-40	-38	120	598.674016
19	-38	-36	120	595.620067
20	-36	-34	120	591.496717
21	-34	-32	120	586.24191
22	-32	-30	120	579.768512
23	-30	-28	120	571.951473
24	-28	-26	120	562.221611
25	-26	-24	94.875	555.512556
26	-24	-22	73.125	550.664958
27	-22	-20	60.125	546.346577
28	-20	-18	51	542.93462
29	-18	-16	43	540.40869
30	-16	-14	36.25	538.702275
31	-14	-12	30.625	537.756218
32	-12	-10	26.5	537.431566
33	-10	-8	23.125	537.588586
34	-8	-6	20.75	537.956105
35	-6	-4	19	538.402511
36	-4	-2	16	538.743497
37	-2	0	16	539.02302
38	0	2	15.125	539.203941
39	2	4	15	539.234403
40	4	6	17.25	539.244677
41	6	8	17.5	539.226461
42	8	10	17.375	539.232195
43	10	12	17.625	539.21506
44	12	14	18.875	539.217293
45	14	16	19.375	539.244765
46	16	18	22	539.216799
47	18	20	23.875	539.214343
48	20	22	25	539.226255
49	22	24	30	539.236067
50	24	26	41	539.279019
51	26	28	51.375	539.233726
52	28	30	27.375	539.079301
── 设定点 600 °C　夹头 100 °C　片 0「入口」　T管根 658.8549 °C　单元 1006　列 53　切点 x -0　压接入口 x -100　舌尖 x -140
k	X0_mm	X1_mm	Area_mm2	Tmean_C
0	-140	-133	420	100
1	-133	-122	660	100
2	-122	-111	660	100
3	-111	-100	660	100
4	-100	-96.165678	230.05932	143.877433
5	-96.165678	-85.165678	660	300.112986
6	-85.165678	-75.51206	579.21708	460.248875
7	-75.51206	-68.0862	445.5516	553.848831
8	-68.0862	-62.374	342.732	606.372264
9	-62.374	-57.98	263.64	636.908291
10	-57.98	-54.6	202.8	655.228377
11	-54.6	-52	156	666.520001
12	-52	-50	120	673.646529
13	-50	-48	120	678.842082
14	-48	-46	120	683.06665
15	-46	-44	120	686.343599
16	-44	-42	120	688.688955
17	-42	-40	120	690.110488
18	-40	-38	120	690.606379
19	-38	-36	120	690.163231
20	-36	-34	120	688.753081
21	-34	-32	120	686.328825
22	-32	-30	120	682.817076
23	-30	-28	120	678.10384
24	-28	-26	120	671.534303
25	-26	-24	94.875	665.864315
26	-24	-22	73.125	661.693345
27	-22	-20	60.125	658.443444
28	-20	-18	51	656.220719
29	-18	-16	43	654.79099
30	-16	-14	36.25	654.099752
31	-14	-12	30.625	654.022304
32	-12	-10	26.5	654.43905
33	-10	-8	23.125	655.232017
34	-8	-6	20.75	656.054617
35	-6	-4	19	656.830811
36	-4	-2	16	657.379668
37	-2	0	16	657.792328
38	0	2	15.125	658.045093
39	2	4	15	658.099478
40	4	6	17.25	658.120181
41	6	8	17.5	658.103515
42	8	10	17.375	658.112571
43	10	12	17.625	658.095195
44	12	14	18.875	658.097896
45	14	16	19.375	658.128125
46	16	18	22	658.094851
47	18	20	23.875	658.090783
48	20	22	25	658.104986
49	22	24	30	658.118236
50	24	26	41	658.168419
51	26	28	51.375	658.117426
52	28	30	27.375	657.942079
── 设定点 600 °C　夹头 100 °C　片 1「HC1|HC2」　T管根 593.1329 °C　单元 1006　列 53　切点 x -0　压接入口 x -100　舌尖 x -140
k	X0_mm	X1_mm	Area_mm2	Tmean_C
0	-140	-133	420	100
1	-133	-122	660	100
2	-122	-111	660	100
3	-111	-100	660	100
4	-100	-96.165678	230.05932	126.29457
5	-96.165678	-85.165678	660	222.799373
6	-85.165678	-75.51206	579.21708	334.9319
7	-75.51206	-68.0862	445.5516	410.801564
8	-68.0862	-62.374	342.732	459.43217
9	-62.374	-57.98	263.64	491.301257
10	-57.98	-54.6	202.8	512.653493
11	-54.6	-52	156	527.260671
12	-52	-50	120	537.445203
13	-50	-48	120	545.608875
14	-48	-46	120	553.090299
15	-46	-44	120	559.898011
16	-44	-42	120	566.039415
17	-42	-40	120	571.520404
18	-40	-38	120	576.344838
19	-38	-36	120	580.513775
20	-36	-34	120	584.024346
21	-34	-32	120	586.868039
22	-32	-30	120	589.028024
23	-30	-28	120	590.474108
24	-28	-26	120	591.045296
25	-26	-24	94.875	590.54557
26	-24	-22	73.125	590.149785
27	-22	-20	60.125	590.073695
28	-20	-18	51	590.212357
29	-18	-16	43	590.436131
30	-16	-14	36.25	590.749542
31	-14	-12	30.625	591.11368
32	-12	-10	26.5	591.511931
33	-10	-8	23.125	591.927979
34	-8	-6	20.75	592.271358
35	-6	-4	19	592.54844
36	-4	-2	16	592.729612
37	-2	0	16	592.854907
38	0	2	15.125	592.927192
39	2	4	15	592.942212
40	4	6	17.25	592.947523
41	6	8	17.5	592.94397
42	8	10	17.375	592.947691
43	10	12	17.625	592.94433
44	12	14	18.875	592.944817
45	14	16	19.375	592.951895
46	16	18	22	592.942199
47	18	20	23.875	592.940309
48	20	22	25	592.944804
49	22	24	30	592.949342
50	24	26	41	592.962913
51	26	28	51.375	592.947661
52	28	30	27.375	592.896793
── 设定点 600 °C　夹头 100 °C　片 2「出口」　T管根 698.7766 °C　单元 1006　列 53　切点 x -0　压接入口 x -100　舌尖 x -140
k	X0_mm	X1_mm	Area_mm2	Tmean_C
0	-140	-133	420	100
1	-133	-122	660	100
2	-122	-111	660	100
3	-111	-100	660	100
4	-100	-96.165678	230.05932	158.377824
5	-96.165678	-85.165678	660	363.288285
6	-85.165678	-75.51206	579.21708	558.210475
7	-75.51206	-68.0862	445.5516	662.098025
8	-68.0862	-62.374	342.732	715.590278
9	-62.374	-57.98	263.64	744.201989
10	-57.98	-54.6	202.8	759.910787
11	-54.6	-52	156	768.652788
12	-52	-50	120	773.530155
13	-50	-48	120	776.583747
14	-48	-46	120	778.478505
15	-46	-44	120	779.229323
16	-44	-42	120	778.836505
17	-42	-40	120	777.284394
18	-40	-38	120	774.539298
19	-38	-36	120	770.546371
20	-36	-34	120	765.224917
21	-34	-32	120	758.461263
22	-32	-30	120	750.097798
23	-30	-28	120	739.911093
24	-28	-26	120	726.840376
25	-26	-24	94.875	716.98811
26	-24	-22	73.125	709.838938
27	-22	-20	60.125	703.843846
28	-20	-18	51	699.383643
29	-18	-16	43	696.252179
30	-16	-14	36.25	694.344557
31	-14	-12	30.625	693.517291
32	-12	-10	26.5	693.564917
33	-10	-8	23.125	694.28352
34	-8	-6	20.75	695.196437
35	-6	-4	19	696.135424
36	-4	-2	16	696.818819
37	-2	0	16	697.350119
38	0	2	15.125	697.686777
39	2	4	15	697.759334
40	4	6	17.25	697.788028
41	6	8	17.5	697.765471
42	8	10	17.375	697.777172
43	10	12	17.625	697.75312
44	12	14	18.875	697.757293
45	14	16	19.375	697.799912
46	16	18	22	697.757267
47	18	20	23.875	697.7536
48	20	22	25	697.771867
49	22	24	30	697.786893
50	24	26	41	697.852614
51	26	28	51.375	697.783282
52	28	30	27.375	697.546957
── 设定点 600 °C　夹头 450 °C　片 0「入口」　T管根 664.6757 °C　单元 1006　列 53　切点 x -0　压接入口 x -100　舌尖 x -140
k	X0_mm	X1_mm	Area_mm2	Tmean_C
0	-140	-133	420	450
1	-133	-122	660	450
2	-122	-111	660	450
3	-111	-100	660	450
4	-100	-96.165678	230.05932	475.458863
5	-96.165678	-85.165678	660	561.48346
6	-85.165678	-75.51206	579.21708	639.266901
7	-75.51206	-68.0862	445.5516	680.512068
8	-68.0862	-62.374	342.732	701.569909
9	-62.374	-57.98	263.64	712.455073
10	-57.98	-54.6	202.8	718.004064
11	-54.6	-52	156	720.698787
12	-52	-50	120	721.867569
13	-50	-48	120	722.286026
14	-48	-46	120	722.107518
15	-46	-44	120	721.327562
16	-44	-42	120	719.935734
17	-42	-40	120	717.914808
18	-40	-38	120	715.239465
19	-38	-36	120	711.874334
20	-36	-34	120	707.771044
21	-34	-32	120	702.863709
22	-32	-30	120	697.061896
23	-30	-28	120	690.236409
24	-28	-26	120	681.712948
25	-26	-24	94.875	675.140138
26	-24	-22	73.125	670.332699
27	-22	-20	60.125	666.42182
28	-20	-18	51	663.610979
29	-18	-16	43	661.71151
30	-16	-14	36.25	660.651216
31	-14	-12	30.625	660.306702
32	-12	-10	26.5	660.535634
33	-10	-8	23.125	661.199287
34	-8	-6	20.75	661.947774
35	-6	-4	19	662.682069
36	-4	-2	16	663.208802
37	-2	0	16	663.610811
38	0	2	15.125	663.860018
39	2	4	15	663.912087
40	4	6	17.25	663.931554
41	6	8	17.5	663.914011
42	8	10	17.375	663.922853
43	10	12	17.625	663.904965
44	12	14	18.875	663.907616
45	14	16	19.375	663.938221
46	16	18	22	663.904441
47	18	20	23.875	663.900302
48	20	22	25	663.91471
49	22	24	30	663.928152
50	24	26	41	663.979072
51	26	28	51.375	663.927328
52	28	30	27.375	663.749405
── 设定点 600 °C　夹头 450 °C　片 1「HC1|HC2」　T管根 663.3031 °C　单元 1006　列 53　切点 x -0　压接入口 x -100　舌尖 x -140
k	X0_mm	X1_mm	Area_mm2	Tmean_C
0	-140	-133	420	450
1	-133	-122	660	450
2	-122	-111	660	450
3	-111	-100	660	450
4	-100	-96.165678	230.05932	466.114531
5	-96.165678	-85.165678	660	523.18589
6	-85.165678	-75.51206	579.21708	583.175757
7	-75.51206	-68.0862	445.5516	620.198711
8	-68.0862	-62.374	342.732	641.983314
9	-62.374	-57.98	263.64	655.076109
10	-57.98	-54.6	202.8	663.091037
11	-54.6	-52	156	668.081129
12	-52	-50	120	671.23954
13	-50	-48	120	673.537272
14	-48	-46	120	675.390585
15	-46	-44	120	676.802356
16	-44	-42	120	677.7739
17	-42	-40	120	678.304648
18	-40	-38	120	678.391667
19	-38	-36	120	678.028917
20	-36	-34	120	677.206139
21	-34	-32	120	675.907123
22	-32	-30	120	674.106992
23	-30	-28	120	671.767031
24	-28	-26	120	668.795994
25	-26	-24	94.875	666.633724
26	-24	-22	73.125	665.051557
27	-22	-20	60.125	663.756138
28	-20	-18	51	662.823454
29	-18	-16	43	662.204298
30	-16	-14	36.25	661.878529
31	-14	-12	30.625	661.802201
32	-12	-10	26.5	661.918232
33	-10	-8	23.125	662.167727
34	-8	-6	20.75	662.434661
35	-6	-4	19	662.683586
36	-4	-2	16	662.85655
37	-2	0	16	662.984136
38	0	2	15.125	663.062324
39	2	4	15	663.076814
40	4	6	17.25	663.081517
41	6	8	17.5	663.076571
42	8	10	17.375	663.080691
43	10	12	17.625	663.076398
44	12	14	18.875	663.076903
45	14	16	19.375	663.085357
46	16	18	22	663.07368
47	18	20	23.875	663.071398
48	20	22	25	663.076801
49	22	24	30	663.082259
50	24	26	41	663.098584
51	26	28	51.375	663.080235
52	28	30	27.375	663.019041
── 设定点 600 °C　夹头 450 °C　片 2「出口」　T管根 697.0532 °C　单元 1006　列 53　切点 x -0　压接入口 x -100　舌尖 x -140
k	X0_mm	X1_mm	Area_mm2	Tmean_C
0	-140	-133	420	450
1	-133	-122	660	450
2	-122	-111	660	450
3	-111	-100	660	450
4	-100	-96.165678	230.05932	486.73335
5	-96.165678	-85.165678	660	608.285577
6	-85.165678	-75.51206	579.21708	709.842767
7	-75.51206	-68.0862	445.5516	759.34581
8	-68.0862	-62.374	342.732	782.675919
9	-62.374	-57.98	263.64	793.652949
10	-57.98	-54.6	202.8	798.484166
11	-54.6	-52	156	800.196556
12	-52	-50	120	800.354219
13	-50	-48	120	799.715056
14	-48	-46	120	798.289116
15	-46	-44	120	796.05536
16	-44	-42	120	792.981265
17	-42	-40	120	789.02136
18	-40	-38	120	784.115067
19	-38	-36	120	778.183503
20	-36	-34	120	771.124741
21	-34	-32	120	762.806712
22	-32	-30	120	753.056364
23	-30	-28	120	741.63808
24	-28	-26	120	727.487333
25	-26	-24	94.875	717.18316
26	-24	-22	73.125	709.719656
27	-22	-20	60.125	703.385429
28	-20	-18	51	698.615988
29	-18	-16	43	695.234395
30	-16	-14	36.25	693.124502
31	-14	-12	30.625	692.144344
32	-12	-10	26.5	692.07647
33	-10	-8	23.125	692.70667
34	-8	-6	20.75	693.562352
35	-6	-4	19	694.463483
36	-4	-2	16	695.124426
37	-2	0	16	695.642304
38	0	2	15.125	695.972305
39	2	4	15	696.042294
40	4	6	17.25	696.069743
41	6	8	17.5	696.046816
42	8	10	17.375	696.058215
43	10	12	17.625	696.034074
44	12	14	18.875	696.038164
45	14	16	19.375	696.080559
46	16	18	22	696.038075
47	18	20	23.875	696.034416
48	20	22	25	696.052605
49	22	24	30	696.067567
50	24	26	41	696.133019
51	26	28	51.375	696.063971
52	28	30	27.375	695.828616
── 设定点 750 °C　夹头 100 °C　片 0「入口」　T管根 807.5539 °C　单元 1006　列 53　切点 x -0　压接入口 x -100　舌尖 x -140
k	X0_mm	X1_mm	Area_mm2	Tmean_C
0	-140	-133	420	100
1	-133	-122	660	100
2	-122	-111	660	100
3	-111	-100	660	100
4	-100	-96.165678	230.05932	159.160159
5	-96.165678	-85.165678	660	368.625531
6	-85.165678	-75.51206	579.21708	575.118201
7	-75.51206	-68.0862	445.5516	689.900117
8	-68.0862	-62.374	342.732	751.725161
9	-62.374	-57.98	263.64	786.595705
10	-57.98	-54.6	202.8	807.062752
11	-54.6	-52	156	819.476019
12	-52	-50	120	827.213998
13	-50	-48	120	832.798647
14	-48	-46	120	837.287652
15	-46	-44	120	840.71788
16	-44	-42	120	843.114306
17	-42	-40	120	844.488762
18	-40	-38	120	844.838003
19	-38	-36	120	844.140778
20	-36	-34	120	842.353326
21	-34	-32	120	839.402471
22	-32	-30	120	835.174816
23	-30	-28	120	829.494787
24	-28	-26	120	821.288045
25	-26	-24	94.875	813.422973
26	-24	-22	73.125	807.599425
27	-22	-20	60.125	803.356366
28	-20	-18	51	800.709365
29	-18	-16	43	799.193104
30	-16	-14	36.25	798.724154
31	-14	-12	30.625	799.081369
32	-12	-10	26.5	800.095388
33	-10	-8	23.125	801.601955
34	-8	-6	20.75	803.055691
35	-6	-4	19	804.36987
36	-4	-2	16	805.284697
37	-2	0	16	805.958139
38	0	2	15.125	806.368895
39	2	4	15	806.469436
40	4	6	17.25	806.510579
41	6	8	17.5	806.492118
42	8	10	17.375	806.507565
43	10	12	17.625	806.485174
44	12	14	18.875	806.48967
45	14	16	19.375	806.532671
46	16	18	22	806.486069
47	18	20	23.875	806.48044
48	20	22	25	806.500428
49	22	24	30	806.519051
50	24	26	41	806.58954
51	26	28	51.375	806.51789
52	28	30	27.375	806.271562
── 设定点 750 °C　夹头 100 °C　片 1「HC1|HC2」　T管根 752.5696 °C　单元 1006　列 53　切点 x -0　压接入口 x -100　舌尖 x -140
k	X0_mm	X1_mm	Area_mm2	Tmean_C
0	-140	-133	420	100
1	-133	-122	660	100
2	-122	-111	660	100
3	-111	-100	660	100
4	-100	-96.165678	230.05932	136.480695
5	-96.165678	-85.165678	660	270.100222
6	-85.165678	-75.51206	579.21708	423.207853
7	-75.51206	-68.0862	445.5516	524.62557
8	-68.0862	-62.374	342.732	588.368358
9	-62.374	-57.98	263.64	629.461544
10	-57.98	-54.6	202.8	656.629667
11	-54.6	-52	156	675.016478
12	-52	-50	120	687.724859
13	-50	-48	120	697.839419
14	-48	-46	120	707.038938
15	-46	-44	120	715.341578
16	-44	-42	120	722.763279
17	-42	-40	120	729.317166
18	-40	-38	120	735.012736
19	-38	-36	120	739.854698
20	-36	-34	120	743.84126
21	-34	-32	120	746.961534
22	-32	-30	120	749.19152
23	-30	-28	120	750.486385
24	-28	-26	120	750.595612
25	-26	-24	94.875	749.435337
26	-24	-22	73.125	748.540824
27	-22	-20	60.125	748.176925
28	-20	-18	51	748.207252
29	-18	-16	43	748.430036
30	-16	-14	36.25	748.841647
31	-14	-12	30.625	749.372543
32	-12	-10	26.5	749.984562
33	-10	-8	23.125	750.641459
34	-8	-6	20.75	751.192439
35	-6	-4	19	751.639952
36	-4	-2	16	751.933567
37	-2	0	16	752.136609
38	0	2	15.125	752.255257
39	2	4	15	752.282249
40	4	6	17.25	752.292378
41	6	8	17.5	752.287996
42	8	10	17.375	752.293995
43	10	12	17.625	752.28934
44	12	14	18.875	752.290172
45	14	16	19.375	752.300761
46	16	18	22	752.286383
47	18	20	23.875	752.283588
48	20	22	25	752.290267
49	22	24	30	752.297006
50	24	26	41	752.317158
51	26	28	51.375	752.294508
52	28	30	27.375	752.218973
── 设定点 750 °C　夹头 100 °C　片 2「出口」　T管根 846.4581 °C　单元 1006　列 53　切点 x -0　压接入口 x -100　舌尖 x -140
k	X0_mm	X1_mm	Area_mm2	Tmean_C
0	-140	-133	420	100
1	-133	-122	660	100
2	-122	-111	660	100
3	-111	-100	660	100
4	-100	-96.165678	230.05932	177.812082
5	-96.165678	-85.165678	660	448.621026
6	-85.165678	-75.51206	579.21708	691.566674
7	-75.51206	-68.0862	445.5516	812.323659
8	-68.0862	-62.374	342.732	871.250095
9	-62.374	-57.98	263.64	901.597185
10	-57.98	-54.6	202.8	917.82316
11	-54.6	-52	156	926.67475
12	-52	-50	120	931.526733
13	-50	-48	120	934.50587
14	-48	-46	120	936.2853
15	-46	-44	120	936.884684
16	-44	-42	120	936.302064
17	-42	-40	120	934.51184
18	-40	-38	120	931.461574
19	-38	-36	120	927.067077
20	-36	-34	120	921.20498
21	-34	-32	120	913.701501
22	-32	-30	120	904.315252
23	-30	-28	120	892.70302
24	-28	-26	120	877.129524
25	-26	-24	94.875	864.100833
26	-24	-22	73.125	854.58847
27	-22	-20	60.125	847.105606
28	-20	-18	51	841.930277
29	-18	-16	43	838.552552
30	-16	-14	36.25	836.828403
31	-14	-12	30.625	836.493579
32	-12	-10	26.5	837.275564
33	-10	-8	23.125	838.905738
34	-8	-6	20.75	840.640283
35	-6	-4	19	842.287318
36	-4	-2	16	843.454116
37	-2	0	16	844.332246
38	0	2	15.125	844.882192
39	2	4	15	845.019445
40	4	6	17.25	845.077619
41	6	8	17.5	845.05414
42	8	10	17.375	845.074472
43	10	12	17.625	845.044413
44	12	14	18.875	845.05125
45	14	16	19.375	845.110849
46	16	18	22	845.052259
47	18	20	23.875	845.047334
48	20	22	25	845.072579
49	22	24	30	845.093313
50	24	26	41	845.183932
51	26	28	51.375	845.0883
52	28	30	27.375	844.762404
── 设定点 750 °C　夹头 450 °C　片 0「入口」　T管根 810.1708 °C　单元 1006　列 53　切点 x -0　压接入口 x -100　舌尖 x -140
k	X0_mm	X1_mm	Area_mm2	Tmean_C
0	-140	-133	420	450
1	-133	-122	660	450
2	-122	-111	660	450
3	-111	-100	660	450
4	-100	-96.165678	230.05932	489.773026
5	-96.165678	-85.165678	660	623.464469
6	-85.165678	-75.51206	579.21708	740.743273
7	-75.51206	-68.0862	445.5516	801.194888
8	-68.0862	-62.374	342.732	831.840936
9	-62.374	-57.98	263.64	848.000829
10	-57.98	-54.6	202.8	856.694665
11	-54.6	-52	156	861.382543
12	-52	-50	120	863.872258
13	-50	-48	120	865.31309
14	-48	-46	120	866.041166
15	-46	-44	120	866.059094
16	-44	-42	120	865.359936
17	-42	-40	120	863.925934
18	-40	-38	120	861.726527
19	-38	-36	120	858.715361
20	-36	-34	120	854.825745
21	-34	-32	120	849.963704
22	-32	-30	120	843.997211
23	-30	-28	120	836.734259
24	-28	-26	120	827.080403
25	-26	-24	94.875	818.547941
26	-24	-22	73.125	812.256212
27	-22	-20	60.125	807.531917
28	-20	-18	51	804.459536
29	-18	-16	43	802.605217
30	-16	-14	36.25	801.871545
31	-14	-12	30.625	802.037465
32	-12	-10	26.5	802.916703
33	-10	-8	23.125	804.329838
34	-8	-6	20.75	805.7295
35	-6	-4	19	807.012568
36	-4	-2	16	807.910727
37	-2	0	16	808.575862
38	0	2	15.125	808.98365
39	2	4	15	809.082509
40	4	6	17.25	809.122774
41	6	8	17.5	809.10376
42	8	10	17.375	809.119042
43	10	12	17.625	809.096345
44	12	14	18.875	809.100802
45	14	16	19.375	809.143989
46	16	18	22	809.097121
47	18	20	23.875	809.091453
48	20	22	25	809.111547
49	22	24	30	809.130269
50	24	26	41	809.201142
51	26	28	51.375	809.129101
52	28	30	27.375	808.881429
── 设定点 750 °C　夹头 450 °C　片 1「HC1|HC2」　T管根 804.9281 °C　单元 1006　列 53　切点 x -0　压接入口 x -100　舌尖 x -140
k	X0_mm	X1_mm	Area_mm2	Tmean_C
0	-140	-133	420	450
1	-133	-122	660	450
2	-122	-111	660	450
3	-111	-100	660	450
4	-100	-96.165678	230.05932	475.568906
5	-96.165678	-85.165678	660	566.110049
6	-85.165678	-75.51206	579.21708	660.895222
7	-75.51206	-68.0862	445.5516	719.211146
8	-68.0862	-62.374	342.732	753.674839
9	-62.374	-57.98	263.64	774.650976
10	-57.98	-54.6	202.8	787.753334
11	-54.6	-52	156	796.130647
12	-52	-50	120	801.603849
13	-50	-48	120	805.729166
14	-48	-46	120	809.232056
15	-46	-44	120	812.121493
16	-44	-42	120	814.403743
17	-42	-40	120	816.081885
18	-40	-38	120	817.155072
19	-38	-36	120	817.617438
20	-36	-34	120	817.456421
21	-34	-32	120	816.650185
22	-32	-30	120	815.163573
23	-30	-28	120	812.940259
24	-28	-26	120	809.782401
25	-26	-24	94.875	807.066186
26	-24	-22	73.125	805.061541
27	-22	-20	60.125	803.579685
28	-20	-18	51	802.642936
29	-18	-16	43	802.114247
30	-16	-14	36.25	801.965054
31	-14	-12	30.625	802.117501
32	-12	-10	26.5	802.494678
33	-10	-8	23.125	803.020468
34	-8	-6	20.75	803.517618
35	-6	-4	19	803.951061
36	-4	-2	16	804.244438
37	-2	0	16	804.454113
38	0	2	15.125	804.580865
39	2	4	15	804.608613
40	4	6	17.25	804.618792
41	6	8	17.5	804.613424
42	8	10	17.375	804.619895
43	10	12	17.625	804.614512
44	12	14	18.875	804.615387
45	14	16	19.375	804.627201
46	16	18	22	804.611095
47	18	20	23.875	804.60796
48	20	22	25	804.615435
49	22	24	30	804.622979
50	24	26	41	804.645539
51	26	28	51.375	804.620181
52	28	30	27.375	804.535615
── 设定点 750 °C　夹头 450 °C　片 2「出口」　T管根 844.1485 °C　单元 1006　列 53　切点 x -0　压接入口 x -100　舌尖 x -140
k	X0_mm	X1_mm	Area_mm2	Tmean_C
0	-140	-133	420	450
1	-133	-122	660	450
2	-122	-111	660	450
3	-111	-100	660	450
4	-100	-96.165678	230.05932	504.844882
5	-96.165678	-85.165678	660	684.711965
6	-85.165678	-75.51206	579.21708	827.585742
7	-75.51206	-68.0862	445.5516	893.896796
8	-68.0862	-62.374	342.732	924.492685
9	-62.374	-57.98	263.64	939.11581
10	-57.98	-54.6	202.8	946.031483
11	-54.6	-52	156	949.053923
12	-52	-50	120	950.086396
13	-50	-48	120	950.132402
14	-48	-46	120	949.322564
15	-46	-44	120	947.636902
16	-44	-42	120	945.038037
17	-42	-40	120	941.468875
18	-40	-38	120	936.849147
19	-38	-36	120	931.070259
20	-36	-34	120	923.987687
21	-34	-32	120	915.40964
22	-32	-30	120	905.079894
23	-30	-28	120	892.643785
24	-28	-26	120	876.365969
25	-26	-24	94.875	863.061479
26	-24	-22	73.125	853.360334
27	-22	-20	60.125	845.667115
28	-20	-18	51	840.295604
29	-18	-16	43	836.756986
30	-16	-14	36.25	834.899541
31	-14	-12	30.625	834.460661
32	-12	-10	26.5	835.160347
33	-10	-8	23.125	836.723776
34	-8	-6	20.75	838.412532
35	-6	-4	19	840.027428
36	-4	-2	16	841.17444
37	-2	0	16	842.040086
38	0	2	15.125	842.583334
39	2	4	15	842.718159
40	4	6	17.25	842.775171
41	6	8	17.5	842.751434
42	8	10	17.375	842.77147
43	10	12	17.625	842.741401
44	12	14	18.875	842.748155
45	14	16	19.375	842.80744
46	16	18	22	842.749109
47	18	20	23.875	842.744201
48	20	22	25	842.769326
49	22	24	30	842.789965
50	24	26	41	842.880166
51	26	28	51.375	842.784974
52	28	30	27.375	842.460578
── 设定点 900 °C　夹头 100 °C　片 0「入口」　T管根 950.7089 °C　单元 1006　列 53　切点 x -0　压接入口 x -100　舌尖 x -140
k	X0_mm	X1_mm	Area_mm2	Tmean_C
0	-140	-133	420	100
1	-133	-122	660	100
2	-122	-111	660	100
3	-111	-100	660	100
4	-100	-96.165678	230.05932	175.454142
5	-96.165678	-85.165678	660	440.794021
6	-85.165678	-75.51206	579.21708	690.912687
7	-75.51206	-68.0862	445.5516	822.610969
8	-68.0862	-62.374	342.732	890.613189
9	-62.374	-57.98	263.64	927.84715
10	-57.98	-54.6	202.8	949.277844
11	-54.6	-52	156	962.117163
12	-52	-50	120	970.062906
13	-50	-48	120	975.774925
14	-48	-46	120	980.356821
15	-46	-44	120	983.859719
16	-44	-42	120	986.318248
17	-42	-40	120	987.748964
18	-40	-38	120	988.147781
19	-38	-36	120	987.485895
20	-36	-34	120	985.703443
21	-34	-32	120	982.699661
22	-32	-30	120	978.317456
23	-30	-28	120	972.311707
24	-28	-26	120	963.058288
25	-26	-24	94.875	952.933469
26	-24	-22	73.125	945.373161
27	-22	-20	60.125	940.259315
28	-20	-18	51	937.436031
29	-18	-16	43	936.111842
30	-16	-14	36.25	936.172604
31	-14	-12	30.625	937.269202
32	-12	-10	26.5	939.180238
33	-10	-8	23.125	941.693336
34	-8	-6	20.75	944.011453
35	-6	-4	19	946.046788
36	-4	-2	16	947.448019
37	-2	0	16	948.463663
38	0	2	15.125	949.081755
39	2	4	15	949.247538
40	4	6	17.25	949.318385
41	6	8	17.5	949.300875
42	8	10	17.375	949.324988
43	10	12	17.625	949.298257
44	12	14	18.875	949.305149
45	14	16	19.375	949.362562
46	16	18	22	949.301335
47	18	20	23.875	949.294033
48	20	22	25	949.320426
49	22	24	30	949.344984
50	24	26	41	949.437878
51	26	28	51.375	949.343426
52	28	30	27.375	949.018766
── 设定点 900 °C　夹头 100 °C　片 1「HC1|HC2」　T管根 907.989 °C　单元 1006　列 53　切点 x -0　压接入口 x -100　舌尖 x -140
k	X0_mm	X1_mm	Area_mm2	Tmean_C
0	-140	-133	420	100
1	-133	-122	660	100
2	-122	-111	660	100
3	-111	-100	660	100
4	-100	-96.165678	230.05932	147.510179
5	-96.165678	-85.165678	660	320.98397
6	-85.165678	-75.51206	579.21708	516.151094
7	-75.51206	-68.0862	445.5516	642.181999
8	-68.0862	-62.374	342.732	719.645786
9	-62.374	-57.98	263.64	768.702706
10	-57.98	-54.6	202.8	800.690562
11	-54.6	-52	156	822.109027
12	-52	-50	120	836.790167
13	-50	-48	120	848.39875
14	-48	-46	120	858.8865
15	-46	-44	120	868.285316
16	-44	-42	120	876.623194
17	-42	-40	120	883.923399
18	-40	-38	120	890.203334
19	-38	-36	120	895.472918
20	-36	-34	120	899.732187
21	-34	-32	120	902.967662
22	-32	-30	120	905.146687
23	-30	-28	120	906.206394
24	-28	-26	120	905.764962
25	-26	-24	94.875	903.757549
26	-24	-22	73.125	902.219481
27	-22	-20	60.125	901.516358
28	-20	-18	51	901.458481
29	-18	-16	43	901.736084
30	-16	-14	36.25	902.331468
31	-14	-12	30.625	903.129653
32	-12	-10	26.5	904.062779
33	-10	-8	23.125	905.068404
34	-8	-6	20.75	905.9145
35	-6	-4	19	906.600376
36	-4	-2	16	907.050159
37	-2	0	16	907.359874
38	0	2	15.125	907.542311
39	2	4	15	907.587475
40	4	6	17.25	907.605253
41	6	8	17.5	907.600784
42	8	10	17.375	907.609837
43	10	12	17.625	907.604029
44	12	14	18.875	907.605358
45	14	16	19.375	907.620027
46	16	18	22	907.600328
47	18	20	23.875	907.596511
48	20	22	25	907.605685
49	22	24	30	907.614937
50	24	26	41	907.642593
51	26	28	51.375	907.611507
52	28	30	27.375	907.507838
── 设定点 900 °C　夹头 100 °C　片 2「出口」　T管根 987.9504 °C　单元 1006　列 53　切点 x -0　压接入口 x -100　舌尖 x -140
k	X0_mm	X1_mm	Area_mm2	Tmean_C
0	-140	-133	420	100
1	-133	-122	660	100
2	-122	-111	660	100
3	-111	-100	660	100
4	-100	-96.165678	230.05932	198.353078
5	-96.165678	-85.165678	660	537.364333
6	-85.165678	-75.51206	579.21708	822.457516
7	-75.51206	-68.0862	445.5516	954.335403
8	-68.0862	-62.374	342.732	1015.345034
9	-62.374	-57.98	263.64	1045.658087
10	-57.98	-54.6	202.8	1061.506586
11	-54.6	-52	156	1070.040295
12	-52	-50	120	1074.685909
13	-50	-48	120	1077.529786
14	-48	-46	120	1079.228551
15	-46	-44	120	1079.806576
16	-44	-42	120	1079.260627
17	-42	-40	120	1077.557085
18	-40	-38	120	1074.62736
19	-38	-36	120	1070.360714
20	-36	-34	120	1064.593309
21	-34	-32	120	1057.091621
22	-32	-30	120	1047.527088
23	-30	-28	120	1035.425664
24	-28	-26	120	1018.183263
25	-26	-24	94.875	1001.945935
26	-24	-22	73.125	989.99637
27	-22	-20	60.125	981.189641
28	-20	-18	51	975.605214
29	-18	-16	43	972.315949
30	-16	-14	36.25	971.140729
31	-14	-12	30.625	971.660246
32	-12	-10	26.5	973.535292
33	-10	-8	23.125	976.431654
34	-8	-6	20.75	979.273092
35	-6	-4	19	981.854351
36	-4	-2	16	983.65396
37	-2	0	16	984.980857
38	0	2	15.125	985.807057
39	2	4	15	986.033826
40	4	6	17.25	986.133635
41	6	8	17.5	986.113037
42	8	10	17.375	986.144918
43	10	12	17.625	986.109891
44	12	14	18.875	986.120183
45	14	16	19.375	986.198722
46	16	18	22	986.12285
47	18	20	23.875	986.11662
48	20	22	25	986.149503
49	22	24	30	986.176473
50	24	26	41	986.294243
51	26	28	51.375	986.169913
52	28	30	27.375	985.746317
── 设定点 900 °C　夹头 450 °C　片 0「入口」　T管根 951.5834 °C　单元 1006　列 53　切点 x -0　压接入口 x -100　舌尖 x -140
k	X0_mm	X1_mm	Area_mm2	Tmean_C
0	-140	-133	420	450
1	-133	-122	660	450
2	-122	-111	660	450
3	-111	-100	660	450
4	-100	-96.165678	230.05932	504.962612
5	-96.165678	-85.165678	660	688.413651
6	-85.165678	-75.51206	579.21708	843.142143
7	-75.51206	-68.0862	445.5516	919.694393
8	-68.0862	-62.374	342.732	957.572973
9	-62.374	-57.98	263.64	977.447042
10	-57.98	-54.6	202.8	988.298442
11	-54.6	-52	156	994.366672
12	-52	-50	120	997.800312
13	-50	-48	120	1000.002356
14	-48	-46	120	1001.445501
15	-46	-44	120	1002.14236
16	-44	-42	120	1002.092386
17	-42	-40	120	1001.280128
18	-40	-38	120	999.67248
19	-38	-36	120	997.214429
20	-36	-34	120	993.822547
21	-34	-32	120	989.375018
22	-32	-30	120	983.696144
23	-30	-28	120	976.524606
24	-28	-26	120	966.218132
25	-26	-24	94.875	955.612157
26	-24	-22	73.125	947.716358
27	-22	-20	60.125	942.259043
28	-20	-18	51	939.132734
29	-18	-16	43	937.568113
30	-16	-14	36.25	937.4403
31	-14	-12	30.625	938.399959
32	-12	-10	26.5	940.21343
33	-10	-8	23.125	942.657546
34	-8	-6	20.75	944.934693
35	-6	-4	19	946.945565
36	-4	-2	16	948.333287
37	-2	0	16	949.341783
38	0	2	15.125	949.956984
39	2	4	15	950.121374
40	4	6	17.25	950.191514
41	6	8	17.5	950.173641
42	8	10	17.375	950.197607
43	10	12	17.625	950.170698
44	12	14	18.875	950.177553
45	14	16	19.375	950.23502
46	16	18	22	950.173688
47	18	20	23.875	950.166369
48	20	22	25	950.192801
49	22	24	30	950.217396
50	24	26	41	950.310435
51	26	28	51.375	950.215835
52	28	30	27.375	949.890667
── 设定点 900 °C　夹头 450 °C　片 1「HC1|HC2」　T管根 945.8999 °C　单元 1006　列 53　切点 x -0　压接入口 x -100　舌尖 x -140
k	X0_mm	X1_mm	Area_mm2	Tmean_C
0	-140	-133	420	450
1	-133	-122	660	450
2	-122	-111	660	450
3	-111	-100	660	450
4	-100	-96.165678	230.05932	485.75054
5	-96.165678	-85.165678	660	612.041591
6	-85.165678	-75.51206	579.21708	742.509429
7	-75.51206	-68.0862	445.5516	821.566563
8	-68.0862	-62.374	342.732	867.856137
9	-62.374	-57.98	263.64	895.94996
10	-57.98	-54.6	202.8	913.542971
11	-54.6	-52	156	924.866047
12	-52	-50	120	932.333655
13	-50	-48	120	938.024767
14	-48	-46	120	942.9354
15	-46	-44	120	947.083366
16	-44	-42	120	950.48226
17	-42	-40	120	953.140776
18	-40	-38	120	955.061692
19	-38	-36	120	956.240332
20	-36	-34	120	956.662232
21	-34	-32	120	956.299523
22	-32	-30	120	955.105272
23	-30	-28	120	953.002302
24	-28	-26	120	949.645719
25	-26	-24	94.875	946.23525
26	-24	-22	73.125	943.69693
27	-22	-20	60.125	942.003029
28	-20	-18	51	941.099115
29	-18	-16	43	940.726198
30	-16	-14	36.25	940.842613
31	-14	-12	30.625	941.323325
32	-12	-10	26.5	942.064956
33	-10	-8	23.125	942.969175
34	-8	-6	20.75	943.778577
35	-6	-4	19	944.459833
36	-4	-2	16	944.914243
37	-2	0	16	945.232801
38	0	2	15.125	945.424197
39	2	4	15	945.470923
40	4	6	17.25	945.48919
41	6	8	17.5	945.484085
42	8	10	17.375	945.493624
43	10	12	17.625	945.48728
44	12	14	18.875	945.488667
45	14	16	19.375	945.504365
46	16	18	22	945.483241
47	18	20	23.875	945.479145
48	20	22	25	945.488978
49	22	24	30	945.498895
50	24	26	41	945.528542
51	26	28	51.375	945.495217
52	28	30	27.375	945.384084
── 设定点 900 °C　夹头 450 °C　片 2「出口」　T管根 985.6652 °C　单元 1006　列 53　切点 x -0　压接入口 x -100　舌尖 x -140
k	X0_mm	X1_mm	Area_mm2	Tmean_C
0	-140	-133	420	450
1	-133	-122	660	450
2	-122	-111	660	450
3	-111	-100	660	450
4	-100	-96.165678	230.05932	523.91198
5	-96.165678	-85.165678	660	763.813842
6	-85.165678	-75.51206	579.21708	943.671506
7	-75.51206	-68.0862	445.5516	1022.422477
8	-68.0862	-62.374	342.732	1057.494158
9	-62.374	-57.98	263.64	1074.114538
10	-57.98	-54.6	202.8	1082.163354
11	-54.6	-52	156	1085.956859
12	-52	-50	120	1087.566523
13	-50	-48	120	1088.119339
14	-48	-46	120	1087.830243
15	-46	-44	120	1086.683564
16	-44	-42	120	1084.641004
17	-42	-40	120	1081.638371
18	-40	-38	120	1077.580545
19	-38	-36	120	1072.33392
20	-36	-34	120	1065.715159
21	-34	-32	120	1057.474406
22	-32	-30	120	1047.269869
23	-30	-28	120	1034.617531
24	-28	-26	120	1016.917091
25	-26	-24	94.875	1000.518422
26	-24	-22	73.125	988.461309
27	-22	-20	60.125	979.526623
28	-20	-18	51	973.817783
29	-18	-16	43	970.423911
30	-16	-14	36.25	969.158699
31	-14	-12	30.625	969.604738
32	-12	-10	26.5	971.418276
33	-10	-8	23.125	974.261522
34	-8	-6	20.75	977.06441
35	-6	-4	19	979.617204
36	-4	-2	16	981.398759
37	-2	0	16	982.713819
38	0	2	15.125	983.533305
39	2	4	15	983.757686
40	4	6	17.25	983.856358
41	6	8	17.5	983.835536
42	8	10	17.375	983.867124
43	10	12	17.625	983.832111
44	12	14	18.875	983.842319
45	14	16	19.375	983.920516
46	16	18	22	983.844934
47	18	20	23.875	983.838723
48	20	22	25	983.871474
49	22	24	30	983.898338
50	24	26	41	984.015643
51	26	28	51.375	983.891804
52	28	30	27.375	983.469877
── 设定点 1000 °C　夹头 100 °C　片 0「入口」　T管根 1044.4267 °C　单元 1006　列 53　切点 x -0　压接入口 x -100　舌尖 x -140
k	X0_mm	X1_mm	Area_mm2	Tmean_C
0	-140	-133	420	100
1	-133	-122	660	100
2	-122	-111	660	100
3	-111	-100	660	100
4	-100	-96.165678	230.05932	186.876739
5	-96.165678	-85.165678	660	490.859432
6	-85.165678	-75.51206	579.21708	768.297801
7	-75.51206	-68.0862	445.5516	909.04354
8	-68.0862	-62.374	342.732	979.703013
9	-62.374	-57.98	263.64	1017.666589
10	-57.98	-54.6	202.8	1039.269615
11	-54.6	-52	156	1052.138851
12	-52	-50	120	1060.090743
13	-50	-48	120	1065.81462
14	-48	-46	120	1070.427458
15	-46	-44	120	1073.990223
16	-44	-42	120	1076.544666
17	-42	-40	120	1078.111568
18	-40	-38	120	1078.687714
19	-38	-36	120	1078.240981
20	-36	-34	120	1076.702588
21	-34	-32	120	1073.954984
22	-32	-30	120	1069.812797
23	-30	-28	120	1063.983384
24	-28	-26	120	1054.40007
25	-26	-24	94.875	1042.74917
26	-24	-22	73.125	1033.991134
27	-22	-20	60.125	1028.371358
28	-20	-18	51	1025.574864
29	-18	-16	43	1024.539149
30	-16	-14	36.25	1025.129685
31	-14	-12	30.625	1026.894639
32	-12	-10	26.5	1029.577314
33	-10	-8	23.125	1032.932486
34	-8	-6	20.75	1035.964152
35	-6	-4	19	1038.588886
36	-4	-2	16	1040.386132
37	-2	0	16	1041.678699
38	0	2	15.125	1042.464921
39	2	4	15	1042.685828
40	4	6	17.25	1042.78213
41	6	8	17.5	1042.766961
42	8	10	17.375	1042.798234
43	10	12	17.625	1042.769046
44	12	14	18.875	1042.7779
45	14	16	19.375	1042.845884
46	16	18	22	1042.774158
47	18	20	23.875	1042.765678
48	20	22	25	1042.796702
49	22	24	30	1042.825542
50	24	26	41	1042.934592
51	26	28	51.375	1042.823693
52	28	30	27.375	1042.442545
── 设定点 1000 °C　夹头 100 °C　片 1「HC1|HC2」　T管根 1008.7778 °C　单元 1006　列 53　切点 x -0　压接入口 x -100　舌尖 x -140
k	X0_mm	X1_mm	Area_mm2	Tmean_C
0	-140	-133	420	100
1	-133	-122	660	100
2	-122	-111	660	100
3	-111	-100	660	100
4	-100	-96.165678	230.05932	155.267157
5	-96.165678	-85.165678	660	356.555734
6	-85.165678	-75.51206	579.21708	579.859443
7	-75.51206	-68.0862	445.5516	721.406643
8	-68.0862	-62.374	342.732	807.049768
9	-62.374	-57.98	263.64	860.633151
10	-57.98	-54.6	202.8	895.257801
11	-54.6	-52	156	918.286992
12	-52	-50	120	933.993791
13	-50	-48	120	946.367049
14	-48	-46	120	957.504811
15	-46	-44	120	967.449988
16	-44	-42	120	976.240157
17	-42	-40	120	983.90659
18	-40	-38	120	990.472905
19	-38	-36	120	995.953118
20	-36	-34	120	1000.34874
21	-34	-32	120	1003.644358
22	-32	-30	120	1005.800733
23	-30	-28	120	1006.741166
24	-28	-26	120	1005.968319
25	-26	-24	94.875	1003.327564
26	-24	-22	73.125	1001.304004
27	-22	-20	60.125	1000.375308
28	-20	-18	51	1000.29862
29	-18	-16	43	1000.668482
30	-16	-14	36.25	1001.454817
31	-14	-12	30.625	1002.503523
32	-12	-10	26.5	1003.723071
33	-10	-8	23.125	1005.030878
34	-8	-6	20.75	1006.128803
35	-6	-4	19	1007.015557
36	-4	-2	16	1007.596226
37	-2	0	16	1007.994561
38	0	2	15.125	1008.230009
39	2	4	15	1008.291155
40	4	6	17.25	1008.31582
41	6	8	17.5	1008.311827
42	8	10	17.375	1008.323376
43	10	12	17.625	1008.316935
44	12	14	18.875	1008.318689
45	14	16	19.375	1008.336359
46	16	18	22	1008.31282
47	18	20	23.875	1008.308271
48	20	22	25	1008.319253
49	22	24	30	1008.330324
50	24	26	41	1008.363411
51	26	28	51.375	1008.326218
52	28	30	27.375	1008.202192
── 设定点 1000 °C　夹头 100 °C　片 2「出口」　T管根 1080.5566 °C　单元 1006　列 53　切点 x -0　压接入口 x -100　舌尖 x -140
k	X0_mm	X1_mm	Area_mm2	Tmean_C
0	-140	-133	420	100
1	-133	-122	660	100
2	-122	-111	660	100
3	-111	-100	660	100
4	-100	-96.165678	230.05932	212.676186
5	-96.165678	-85.165678	660	598.392486
6	-85.165678	-75.51206	579.21708	908.331089
7	-75.51206	-68.0862	445.5516	1044.995943
8	-68.0862	-62.374	342.732	1106.063369
9	-62.374	-57.98	263.64	1135.730298
10	-57.98	-54.6	202.8	1151.049051
11	-54.6	-52	156	1159.26085
12	-52	-50	120	1163.740989
13	-50	-48	120	1166.507106
14	-48	-46	120	1168.201018
15	-46	-44	120	1168.851053
16	-44	-42	120	1168.454956
17	-42	-40	120	1166.976583
18	-40	-38	120	1164.340301
19	-38	-36	120	1160.422108
20	-36	-34	120	1155.035983
21	-34	-32	120	1147.913107
22	-32	-30	120	1138.670014
23	-30	-28	120	1126.745054
24	-28	-26	120	1108.841479
25	-26	-24	94.875	1090.440909
26	-24	-22	73.125	1076.814475
27	-22	-20	60.125	1067.201301
28	-20	-18	51	1061.499985
29	-18	-16	43	1058.443707
30	-16	-14	36.25	1057.828914
31	-14	-12	30.625	1059.114594
32	-12	-10	26.5	1061.917645
33	-10	-8	23.125	1065.859411
34	-8	-6	20.75	1069.603517
35	-6	-4	19	1072.940157
36	-4	-2	16	1075.249942
37	-2	0	16	1076.936921
38	0	2	15.125	1077.985541
39	2	4	15	1078.287056
40	4	6	17.25	1078.422004
41	6	8	17.5	1078.405629
42	8	10	17.375	1078.446981
43	10	12	17.625	1078.409266
44	12	14	18.875	1078.422342
45	14	16	19.375	1078.514706
46	16	18	22	1078.426492
47	18	20	23.875	1078.419362
48	20	22	25	1078.457741
49	22	24	30	1078.489191
50	24	26	41	1078.626442
51	26	28	51.375	1078.481514
52	28	30	27.375	1077.987805
── 设定点 1000 °C　夹头 450 °C　片 0「入口」　T管根 1044.577 °C　单元 1006　列 53　切点 x -0　压接入口 x -100　舌尖 x -140
k	X0_mm	X1_mm	Area_mm2	Tmean_C
0	-140	-133	420	450
1	-133	-122	660	450
2	-122	-111	660	450
3	-111	-100	660	450
4	-100	-96.165678	230.05932	515.584174
5	-96.165678	-85.165678	660	733.343803
6	-85.165678	-75.51206	579.21708	911.775082
7	-75.51206	-68.0862	445.5516	997.418733
8	-68.0862	-62.374	342.732	1038.967681
9	-62.374	-57.98	263.64	1060.595156
10	-57.98	-54.6	202.8	1072.446419
11	-54.6	-52	156	1079.173031
12	-52	-50	120	1083.081617
13	-50	-48	120	1085.689798
14	-48	-46	120	1087.542558
15	-46	-44	120	1088.66079
16	-44	-42	120	1089.050091
17	-42	-40	120	1088.698732
18	-40	-38	120	1087.574357
19	-38	-36	120	1085.618803
20	-36	-34	120	1082.740118
21	-34	-32	120	1078.800249
22	-32	-30	120	1073.595865
23	-30	-28	120	1066.818835
24	-28	-26	120	1056.386663
25	-26	-24	94.875	1044.352872
26	-24	-22	73.125	1035.329245
27	-22	-20	60.125	1029.436802
28	-20	-18	51	1026.399061
29	-18	-16	43	1025.171563
30	-16	-14	36.25	1025.610877
31	-14	-12	30.625	1027.265055
32	-12	-10	26.5	1029.867612
33	-10	-8	23.125	1033.164809
34	-8	-6	20.75	1036.16105
35	-6	-4	19	1038.763842
36	-4	-2	16	1040.548629
37	-2	0	16	1041.83427
38	0	2	15.125	1042.617415
39	2	4	15	1042.836973
40	4	6	17.25	1042.932604
41	6	8	17.5	1042.917146
42	8	10	17.375	1042.94827
43	10	12	17.625	1042.91896
44	12	14	18.875	1042.927775
45	14	16	19.375	1042.995746
46	16	18	22	1042.923994
47	18	20	23.875	1042.915507
48	20	22	25	1042.946536
49	22	24	30	1042.975383
50	24	26	41	1043.084459
51	26	28	51.375	1042.973533
52	28	30	27.375	1042.592291
── 设定点 1000 °C　夹头 450 °C　片 1「HC1|HC2」　T管根 1039.0993 °C　单元 1006　列 53　切点 x -0　压接入口 x -100　舌尖 x -140
k	X0_mm	X1_mm	Area_mm2	Tmean_C
0	-140	-133	420	450
1	-133	-122	660	450
2	-122	-111	660	450
3	-111	-100	660	450
4	-100	-96.165678	230.05932	492.916766
5	-96.165678	-85.165678	660	644.18029
6	-85.165678	-75.51206	579.21708	798.642925
7	-75.51206	-68.0862	445.5516	890.992842
8	-68.0862	-62.374	342.732	944.559536
9	-62.374	-57.98	263.64	976.904369
10	-57.98	-54.6	202.8	997.127647
11	-54.6	-52	156	1010.157074
12	-52	-50	120	1018.774073
13	-50	-48	120	1025.366422
14	-48	-46	120	1031.088679
15	-46	-44	120	1035.966037
16	-44	-42	120	1040.018273
17	-42	-40	120	1043.25894
18	-40	-38	120	1045.694141
19	-38	-36	120	1047.320669
20	-36	-34	120	1048.123164
21	-34	-32	120	1048.069722
22	-32	-30	120	1047.104981
23	-30	-28	120	1045.136342
24	-28	-26	120	1041.69449
25	-26	-24	94.875	1037.762825
26	-24	-22	73.125	1034.819728
27	-22	-20	60.125	1032.988142
28	-20	-18	51	1032.145781
29	-18	-16	43	1031.930251
30	-16	-14	36.25	1032.288644
31	-14	-12	30.625	1033.056399
32	-12	-10	26.5	1034.109062
33	-10	-8	23.125	1035.331106
34	-8	-6	20.75	1036.400479
35	-6	-4	19	1037.286448
36	-4	-2	16	1037.873428
37	-2	0	16	1038.281082
38	0	2	15.125	1038.525456
39	2	4	15	1038.588445
40	4	6	17.25	1038.613769
41	6	8	17.5	1038.609322
42	8	10	17.375	1038.621339
43	10	12	17.625	1038.614471
44	12	14	18.875	1038.616287
45	14	16	19.375	1038.634853
46	16	18	22	1038.610086
47	18	20	23.875	1038.605298
48	20	22	25	1038.616849
49	22	24	30	1038.628494
50	24	26	41	1038.6633
51	26	28	51.375	1038.624175
52	28	30	27.375	1038.493704
── 设定点 1000 °C　夹头 450 °C　片 2「出口」　T管根 1078.4523 °C　单元 1006　列 53　切点 x -0　压接入口 x -100　舌尖 x -140
k	X0_mm	X1_mm	Area_mm2	Tmean_C
0	-140	-133	420	450
1	-133	-122	660	450
2	-122	-111	660	450
3	-111	-100	660	450
4	-100	-96.165678	230.05932	537.187237
5	-96.165678	-85.165678	660	818.101803
6	-85.165678	-75.51206	579.21708	1020.291486
7	-75.51206	-68.0862	445.5516	1105.292066
8	-68.0862	-62.374	342.732	1142.159742
9	-62.374	-57.98	263.64	1159.452921
10	-57.98	-54.6	202.8	1167.893629
11	-54.6	-52	156	1172.002992
12	-52	-50	120	1173.893137
13	-50	-48	120	1174.72613
14	-48	-46	120	1174.760904
15	-46	-44	120	1173.986802
16	-44	-42	120	1172.367853
17	-42	-40	120	1169.838854
18	-40	-38	120	1166.299235
19	-38	-36	120	1161.603722
20	-36	-34	120	1155.548325
21	-34	-32	120	1147.849309
22	-32	-30	120	1138.111236
23	-30	-28	120	1125.763554
24	-28	-26	120	1107.515279
25	-26	-24	94.875	1089.004435
26	-24	-22	73.125	1075.306486
27	-22	-20	60.125	1065.602241
28	-20	-18	51	1059.808872
29	-18	-16	43	1056.673485
30	-16	-14	36.25	1055.988533
31	-14	-12	30.625	1057.214974
32	-12	-10	26.5	1059.966485
33	-10	-8	23.125	1063.861986
34	-8	-6	20.75	1067.571423
35	-6	-4	19	1070.881779
36	-4	-2	16	1073.174643
37	-2	0	16	1074.850328
38	0	2	15.125	1075.89237
39	2	4	15	1076.191547
40	4	6	17.25	1076.32538
41	6	8	17.5	1076.308787
42	8	10	17.375	1076.349852
43	10	12	17.625	1076.312152
44	12	14	18.875	1076.325146
45	14	16	19.375	1076.417172
46	16	18	22	1076.329245
47	18	20	23.875	1076.322134
48	20	22	25	1076.360383
49	22	24	30	1076.391728
50	24	26	41	1076.528521
51	26	28	51.375	1076.384076
52	28	30	27.375	1075.892014
── 设定点 1080 °C　夹头 100 °C　片 0「入口」　T管根 1118.8426 °C　单元 1006　列 53　切点 x -0　压接入口 x -100　舌尖 x -140
k	X0_mm	X1_mm	Area_mm2	Tmean_C
0	-140	-133	420	100
1	-133	-122	660	100
2	-122	-111	660	100
3	-111	-100	660	100
4	-100	-96.165678	230.05932	196.328831
5	-96.165678	-85.165678	660	531.968135
6	-85.165678	-75.51206	579.21708	830.151993
7	-75.51206	-68.0862	445.5516	976.948682
8	-68.0862	-62.374	342.732	1049.026222
9	-62.374	-57.98	263.64	1087.192457
10	-57.98	-54.6	202.8	1108.735418
11	-54.6	-52	156	1121.529721
12	-52	-50	120	1129.440893
13	-50	-48	120	1135.154577
14	-48	-46	120	1139.792459
15	-46	-44	120	1143.423663
16	-44	-42	120	1146.096274
17	-42	-40	120	1147.835469
18	-40	-38	120	1148.64013
19	-38	-36	120	1148.477232
20	-36	-34	120	1147.27289
21	-34	-32	120	1144.898275
22	-32	-30	120	1141.147374
23	-30	-28	120	1135.690622
24	-28	-26	120	1126.062443
25	-26	-24	94.875	1113.183114
26	-24	-22	73.125	1103.444434
27	-22	-20	60.125	1097.462271
28	-20	-18	51	1094.769507
29	-18	-16	43	1094.056152
30	-16	-14	36.25	1095.171892
31	-14	-12	30.625	1097.572901
32	-12	-10	26.5	1100.974137
33	-10	-8	23.125	1105.103697
34	-8	-6	20.75	1108.787764
35	-6	-4	19	1111.949048
36	-4	-2	16	1114.106254
37	-2	0	16	1115.649875
38	0	2	15.125	1116.588881
39	2	4	15	1116.861015
40	4	6	17.25	1116.981148
41	6	8	17.5	1116.96891
42	8	10	17.375	1117.006756
43	10	12	17.625	1116.975881
44	12	14	18.875	1116.986527
45	14	16	19.375	1117.063547
46	16	18	22	1116.982975
47	18	20	23.875	1116.973516
48	20	22	25	1117.008459
49	22	24	30	1117.040921
50	24	26	41	1117.163621
51	26	28	51.375	1117.038821
52	28	30	27.375	1116.609938
── 设定点 1080 °C　夹头 100 °C　片 1「HC1|HC2」　T管根 1087.8963 °C　单元 1006　列 53　切点 x -0　压接入口 x -100　舌尖 x -140
k	X0_mm	X1_mm	Area_mm2	Tmean_C
0	-140	-133	420	100
1	-133	-122	660	100
2	-122	-111	660	100
3	-111	-100	660	100
4	-100	-96.165678	230.05932	161.685783
5	-96.165678	-85.165678	660	385.856601
6	-85.165678	-75.51206	579.21708	631.562083
7	-75.51206	-68.0862	445.5516	784.911384
8	-68.0862	-62.374	342.732	876.512424
9	-62.374	-57.98	263.64	933.27324
10	-57.98	-54.6	202.8	969.695782
11	-54.6	-52	156	993.800437
12	-52	-50	120	1010.182697
13	-50	-48	120	1023.055522
14	-48	-46	120	1034.616051
15	-46	-44	120	1044.91683
16	-44	-42	120	1054.003792
17	-42	-40	120	1061.915176
18	-40	-38	120	1068.680012
19	-38	-36	120	1074.315902
20	-36	-34	120	1078.825688
21	-34	-32	120	1082.192361
22	-32	-30	120	1084.371076
23	-30	-28	120	1085.273212
24	-28	-26	120	1084.291194
25	-26	-24	94.875	1081.119536
26	-24	-22	73.125	1078.685416
27	-22	-20	60.125	1077.588404
28	-20	-18	51	1077.530991
29	-18	-16	43	1078.016222
30	-16	-14	36.25	1079.002592
31	-14	-12	30.625	1080.299468
32	-12	-10	26.5	1081.794479
33	-10	-8	23.125	1083.387727
34	-8	-6	20.75	1084.721201
35	-6	-4	19	1085.794385
36	-4	-2	16	1086.496101
37	-2	0	16	1086.975958
38	0	2	15.125	1087.260161
39	2	4	15	1087.336471
40	4	6	17.25	1087.36775
41	6	8	17.5	1087.364485
42	8	10	17.375	1087.378306
43	10	12	17.625	1087.371455
44	12	14	18.875	1087.373607
45	14	16	19.375	1087.39383
46	16	18	22	1087.367069
47	18	20	23.875	1087.361907
48	20	22	25	1087.374413
49	22	24	30	1087.387013
50	24	26	41	1087.424668
51	26	28	51.375	1087.38234
52	28	30	27.375	1087.24119
── 设定点 1080 °C　夹头 100 °C　片 2「出口」　T管根 1154.1616 °C　单元 1006　列 53　切点 x -0　压接入口 x -100　舌尖 x -140
k	X0_mm	X1_mm	Area_mm2	Tmean_C
0	-140	-133	420	100
1	-133	-122	660	100
2	-122	-111	660	100
3	-111	-100	660	100
4	-100	-96.165678	230.05932	224.488985
5	-96.165678	-85.165678	660	648.21145
6	-85.165678	-75.51206	579.21708	976.175152
7	-75.51206	-68.0862	445.5516	1115.406164
8	-68.0862	-62.374	342.732	1175.956441
9	-62.374	-57.98	263.64	1204.872222
10	-57.98	-54.6	202.8	1219.676548
11	-54.6	-52	156	1227.60408
12	-52	-50	120	1231.95396
13	-50	-48	120	1234.674351
14	-48	-46	120	1236.395671
15	-46	-44	120	1237.15027
16	-44	-42	120	1236.938242
17	-42	-40	120	1235.723725
18	-40	-38	120	1233.428479
19	-38	-36	120	1229.921598
20	-36	-34	120	1225.003571
21	-34	-32	120	1218.381866
22	-32	-30	120	1209.633355
23	-30	-28	120	1198.12901
24	-28	-26	120	1179.950633
25	-26	-24	94.875	1159.803506
26	-24	-22	73.125	1144.801265
27	-22	-20	60.125	1134.580408
28	-20	-18	51	1128.869054
29	-18	-16	43	1126.093945
30	-16	-14	36.25	1126.035426
31	-14	-12	30.625	1128.044939
32	-12	-10	26.5	1131.704836
33	-10	-8	23.125	1136.600452
34	-8	-6	20.75	1141.164194
35	-6	-4	19	1145.18451
36	-4	-2	16	1147.955652
37	-2	0	16	1149.967712
38	0	2	15.125	1151.217827
39	2	4	15	1151.588427
40	4	6	17.25	1151.756037
41	6	8	17.5	1151.744461
42	8	10	17.375	1151.794483
43	10	12	17.625	1151.755003
44	12	14	18.875	1151.770603
45	14	16	19.375	1151.874761
46	16	18	22	1151.776173
47	18	20	23.875	1151.768304
48	20	22	25	1151.811329
49	22	24	30	1151.846559
50	24	26	41	1152.000241
51	26	28	51.375	1151.837934
52	28	30	27.375	1151.285083
── 设定点 1080 °C　夹头 450 °C　片 0「入口」　T管根 1118.6547 °C　单元 1006　列 53　切点 x -0　压接入口 x -100　舌尖 x -140
k	X0_mm	X1_mm	Area_mm2	Tmean_C
0	-140	-133	420	450
1	-133	-122	660	450
2	-122	-111	660	450
3	-111	-100	660	450
4	-100	-96.165678	230.05932	524.371746
5	-96.165678	-85.165678	660	770.223546
6	-85.165678	-75.51206	579.21708	966.854526
7	-75.51206	-68.0862	445.5516	1058.889461
8	-68.0862	-62.374	342.732	1102.795694
9	-62.374	-57.98	263.64	1125.478316
10	-57.98	-54.6	202.8	1137.925558
11	-54.6	-52	156	1145.060805
12	-52	-50	120	1149.282195
13	-50	-48	120	1152.1733
14	-48	-46	120	1154.32888
15	-46	-44	120	1155.777407
16	-44	-42	120	1156.530634
17	-42	-40	120	1156.581356
18	-40	-38	120	1155.899676
19	-38	-36	120	1154.427058
20	-36	-34	120	1152.067091
21	-34	-32	120	1148.671155
22	-32	-30	120	1144.016017
23	-30	-28	120	1137.757357
24	-28	-26	120	1127.415553
25	-26	-24	94.875	1114.217934
26	-24	-22	73.125	1104.259462
27	-22	-20	60.125	1098.050955
28	-20	-18	51	1095.157344
29	-18	-16	43	1094.284005
30	-16	-14	36.25	1095.272973
31	-14	-12	30.625	1097.580396
32	-12	-10	26.5	1100.913069
33	-10	-8	23.125	1104.992063
34	-8	-6	20.75	1108.644532
35	-6	-4	19	1111.785708
36	-4	-2	16	1113.931271
37	-2	0	16	1115.468207
38	0	2	15.125	1116.40407
39	2	4	15	1116.674893
40	4	6	17.25	1116.794381
41	6	8	17.5	1116.781896
42	8	10	17.375	1116.819594
43	10	12	17.625	1116.788626
44	12	14	18.875	1116.799233
45	14	16	19.375	1116.876204
46	16	18	22	1116.795648
47	18	20	23.875	1116.786187
48	20	22	25	1116.821119
49	22	24	30	1116.853571
50	24	26	41	1116.976236
51	26	28	51.375	1116.851471
52	28	30	27.375	1116.422712
── 设定点 1080 °C　夹头 450 °C　片 1「HC1|HC2」　T管根 1113.2013 °C　单元 1006　列 53　切点 x -0　压接入口 x -100　舌尖 x -140
k	X0_mm	X1_mm	Area_mm2	Tmean_C
0	-140	-133	420	450
1	-133	-122	660	450
2	-122	-111	660	450
3	-111	-100	660	450
4	-100	-96.165678	230.05932	498.857325
5	-96.165678	-85.165678	660	670.703548
6	-85.165678	-75.51206	579.21708	844.371344
7	-75.51206	-68.0862	445.5516	946.974258
8	-68.0862	-62.374	342.732	1005.981097
9	-62.374	-57.98	263.64	1041.433119
10	-57.98	-54.6	202.8	1063.552962
11	-54.6	-52	156	1077.805153
12	-52	-50	120	1087.245014
13	-50	-48	120	1094.484023
14	-48	-46	120	1100.79185
15	-46	-44	120	1106.200391
16	-44	-42	120	1110.735095
17	-42	-40	120	1114.414044
18	-40	-38	120	1117.246561
19	-38	-36	120	1119.231073
20	-36	-34	120	1120.351837
21	-34	-32	120	1120.57386
22	-32	-30	120	1119.834906
23	-30	-28	120	1118.029392
24	-28	-26	120	1114.571663
25	-26	-24	94.875	1110.19919
26	-24	-22	73.125	1106.910396
27	-22	-20	60.125	1104.978997
28	-20	-18	51	1104.217205
29	-18	-16	43	1104.165914
30	-16	-14	36.25	1104.761867
31	-14	-12	30.625	1105.80398
32	-12	-10	26.5	1107.149126
33	-10	-8	23.125	1108.666842
34	-8	-6	20.75	1109.976623
35	-6	-4	19	1111.050935
36	-4	-2	16	1111.759604
37	-2	0	16	1112.248732
38	0	2	15.125	1112.541587
39	2	4	15	1112.619846
40	4	6	17.25	1112.651861
41	6	8	17.5	1112.648257
42	8	10	17.375	1112.662524
43	10	12	17.625	1112.65532
44	12	14	18.875	1112.657532
45	14	16	19.375	1112.678552
46	16	18	22	1112.650709
47	18	20	23.875	1112.645337
48	20	22	25	1112.658345
49	22	24	30	1112.671452
50	24	26	41	1112.710624
51	26	28	51.375	1112.66659
52	28	30	27.375	1112.519753
── 设定点 1080 °C　夹头 450 °C　片 2「出口」　T管根 1152.2049 °C　单元 1006　列 53　切点 x -0　压接入口 x -100　舌尖 x -140
k	X0_mm	X1_mm	Area_mm2	Tmean_C
0	-140	-133	420	450
1	-133	-122	660	450
2	-122	-111	660	450
3	-111	-100	660	450
4	-100	-96.165678	230.05932	548.12382
5	-96.165678	-85.165678	660	862.357146
6	-85.165678	-75.51206	579.21708	1081.087933
7	-75.51206	-68.0862	445.5516	1170.071562
8	-68.0862	-62.374	342.732	1207.834493
9	-62.374	-57.98	263.64	1225.382229
10	-57.98	-54.6	202.8	1233.985307
11	-54.6	-52	156	1238.266994
12	-52	-50	120	1240.34043
13	-50	-48	120	1241.37606
14	-48	-46	120	1241.663475
15	-46	-44	120	1241.197403
16	-44	-42	120	1239.945705
17	-42	-40	120	1237.844985
18	-40	-38	120	1234.793571
19	-38	-36	120	1230.640722
20	-36	-34	120	1225.170292
21	-34	-32	120	1218.076037
22	-32	-30	120	1208.923903
23	-30	-28	120	1197.076829
24	-28	-26	120	1178.623895
25	-26	-24	94.875	1158.397884
26	-24	-22	73.125	1143.346214
27	-22	-20	60.125	1133.056876
28	-20	-18	51	1127.27329
29	-18	-16	43	1124.434692
30	-16	-14	36.25	1124.318187
31	-14	-12	30.625	1126.27724
32	-12	-10	26.5	1129.89178
33	-10	-8	23.125	1134.745425
34	-8	-6	20.75	1139.276957
35	-6	-4	19	1143.27239
36	-4	-2	16	1146.027348
37	-2	0	16	1148.028474
38	0	2	15.125	1149.272107
39	2	4	15	1149.640398
40	4	6	17.25	1149.806905
41	6	8	17.5	1149.795112
42	8	10	17.375	1149.84485
43	10	12	17.625	1149.805383
44	12	14	18.875	1149.820902
45	14	16	19.375	1149.924729
46	16	18	22	1149.826421
47	18	20	23.875	1149.818571
48	20	22	25	1149.861469
49	22	24	30	1149.896596
50	24	26	41	1150.04983
51	26	28	51.375	1149.887996
52	28	30	27.375	1149.336757
── 设定点 1150 °C　夹头 100 °C　片 0「入口」　T管根 1183.7468 °C　单元 1006　列 53　切点 x -0　压接入口 x -100　舌尖 x -140
k	X0_mm	X1_mm	Area_mm2	Tmean_C
0	-140	-133	420	100
1	-133	-122	660	100
2	-122	-111	660	100
3	-111	-100	660	100
4	-100	-96.165678	230.05932	204.825999
5	-96.165678	-85.165678	660	568.681393
6	-85.165678	-75.51206	579.21708	884.178818
7	-75.51206	-68.0862	445.5516	1035.469625
8	-68.0862	-62.374	342.732	1108.342799
9	-62.374	-57.98	263.64	1146.459593
10	-57.98	-54.6	202.8	1167.838228
11	-54.6	-52	156	1180.514714
12	-52	-50	120	1188.36888
13	-50	-48	120	1194.067349
14	-48	-46	120	1198.733134
15	-46	-44	120	1202.442781
16	-44	-42	120	1205.250529
17	-42	-40	120	1207.186356
18	-40	-38	120	1208.252292
19	-38	-36	120	1208.41619
20	-36	-34	120	1207.601683
21	-34	-32	120	1205.672289
22	-32	-30	120	1202.406187
23	-30	-28	120	1197.443298
24	-28	-26	120	1187.935774
25	-26	-24	94.875	1173.976368
26	-24	-22	73.125	1163.362354
27	-22	-20	60.125	1157.092385
28	-20	-18	51	1154.548765
29	-18	-16	43	1154.182819
30	-16	-14	36.25	1155.831025
31	-14	-12	30.625	1158.862042
32	-12	-10	26.5	1162.966058
33	-10	-8	23.125	1167.847527
34	-8	-6	20.75	1172.163082
35	-6	-4	19	1175.842517
36	-4	-2	16	1178.347102
37	-2	0	16	1180.132676
38	0	2	15.125	1181.219279
39	2	4	15	1181.541671
40	4	6	17.25	1181.6853
41	6	8	17.5	1181.676436
42	8	10	17.375	1181.720679
43	10	12	17.625	1181.68854
44	12	14	18.875	1181.700923
45	14	16	19.375	1181.786287
46	16	18	22	1181.69764
47	18	20	23.875	1181.687296
48	20	22	25	1181.725832
49	22	24	30	1181.761609
50	24	26	41	1181.896801
51	26	28	51.375	1181.759278
52	28	30	27.375	1181.28671
── 设定点 1150 °C　夹头 100 °C　片 1「HC1|HC2」　T管根 1156.1458 °C　单元 1006　列 53　切点 x -0　压接入口 x -100　舌尖 x -140
k	X0_mm	X1_mm	Area_mm2	Tmean_C
0	-140	-133	420	100
1	-133	-122	660	100
2	-122	-111	660	100
3	-111	-100	660	100
4	-100	-96.165678	230.05932	167.45185
5	-96.165678	-85.165678	660	412.076418
6	-85.165678	-75.51206	579.21708	677.243859
7	-75.51206	-68.0862	445.5516	840.447108
8	-68.0862	-62.374	342.732	936.836706
9	-62.374	-57.98	263.64	996.068572
10	-57.98	-54.6	202.8	1033.853852
11	-54.6	-52	156	1058.759482
12	-52	-50	120	1075.639848
13	-50	-48	120	1088.879694
14	-48	-46	120	1100.751302
15	-46	-44	120	1111.316132
16	-44	-42	120	1120.627838
17	-42	-40	120	1128.731102
18	-40	-38	120	1135.659978
19	-38	-36	120	1141.43543
20	-36	-34	120	1146.061618
21	-34	-32	120	1149.520175
22	-32	-30	120	1151.76122
23	-30	-28	120	1152.685222
24	-28	-26	120	1151.574525
25	-26	-24	94.875	1147.926711
26	-24	-22	73.125	1145.121201
27	-22	-20	60.125	1143.890093
28	-20	-18	51	1143.878575
29	-18	-16	43	1144.498345
30	-16	-14	36.25	1145.696903
31	-14	-12	30.625	1147.247814
32	-12	-10	26.5	1149.019219
33	-10	-8	23.125	1150.895332
34	-8	-6	20.75	1152.460612
35	-6	-4	19	1153.716265
36	-4	-2	16	1154.536167
37	-2	0	16	1155.095321
38	0	2	15.125	1155.42694
39	2	4	15	1155.518317
40	4	6	17.25	1155.556219
41	6	8	17.5	1155.553859
42	8	10	17.375	1155.569875
43	10	12	17.625	1155.562743
44	12	14	18.875	1155.565284
45	14	16	19.375	1155.58785
46	16	18	22	1155.558165
47	18	20	23.875	1155.55245
48	20	22	25	1155.566341
49	22	24	30	1155.580333
50	24	26	41	1155.622141
51	26	28	51.375	1155.575143
52	28	30	27.375	1155.418425
── 设定点 1150 °C　夹头 100 °C　片 2「出口」　T管根 1218.4316 °C　单元 1006　列 53　切点 x -0　压接入口 x -100　舌尖 x -140
k	X0_mm	X1_mm	Area_mm2	Tmean_C
0	-140	-133	420	100
1	-133	-122	660	100
2	-122	-111	660	100
3	-111	-100	660	100
4	-100	-96.165678	230.05932	235.079033
5	-96.165678	-85.165678	660	692.486052
6	-85.165678	-75.51206	579.21708	1034.903688
7	-75.51206	-68.0862	445.5516	1175.586328
8	-68.0862	-62.374	342.732	1235.364783
9	-62.374	-57.98	263.64	1263.504133
10	-57.98	-54.6	202.8	1277.818799
11	-54.6	-52	156	1285.490698
12	-52	-50	120	1289.733361
13	-50	-48	120	1292.427421
14	-48	-46	120	1294.194469
15	-46	-44	120	1295.071163
16	-44	-42	120	1295.061012
17	-42	-40	120	1294.130354
18	-40	-38	120	1292.201255
19	-38	-36	120	1289.139984
20	-36	-34	120	1284.739024
21	-34	-32	120	1278.689346
22	-32	-30	120	1270.53749
23	-30	-28	120	1259.599075
24	-28	-26	120	1241.362077
25	-26	-24	94.875	1219.673807
26	-24	-22	73.125	1203.440331
27	-22	-20	60.125	1192.711643
28	-20	-18	51	1187.049006
29	-18	-16	43	1184.586099
30	-16	-14	36.25	1185.090799
31	-14	-12	30.625	1187.813241
32	-12	-10	26.5	1192.306107
33	-10	-8	23.125	1198.122889
34	-8	-6	20.75	1203.476336
35	-6	-4	19	1208.154418
36	-4	-2	16	1211.369362
37	-2	0	16	1213.693947
38	0	2	15.125	1215.138422
39	2	4	15	1215.576593
40	4	6	17.25	1215.77627
41	6	8	17.5	1215.769986
42	8	10	17.375	1215.828432
43	10	12	17.625	1215.787705
44	12	14	18.875	1215.805739
45	14	16	19.375	1215.920779
46	16	18	22	1215.81273
47	18	20	23.875	1215.804202
48	20	22	25	1215.851481
49	22	24	30	1215.890169
50	24	26	41	1216.058873
51	26	28	51.375	1215.880673
52	28	30	27.375	1215.273748
── 设定点 1150 °C　夹头 450 °C　片 0「入口」　T管根 1183.3766 °C　单元 1006　列 53　切点 x -0　压接入口 x -100　舌尖 x -140
k	X0_mm	X1_mm	Area_mm2	Tmean_C
0	-140	-133	420	450
1	-133	-122	660	450
2	-122	-111	660	450
3	-111	-100	660	450
4	-100	-96.165678	230.05932	532.270003
5	-96.165678	-85.165678	660	803.150653
6	-85.165678	-75.51206	579.21708	1015.127258
7	-75.51206	-68.0862	445.5516	1112.147508
8	-68.0862	-62.374	342.732	1157.737842
9	-62.374	-57.98	263.64	1181.123925
10	-57.98	-54.6	202.8	1193.966575
11	-54.6	-52	156	1201.387696
12	-52	-50	120	1205.842825
13	-50	-48	120	1208.957213
14	-48	-46	120	1211.364438
15	-46	-44	120	1213.100315
16	-44	-42	120	1214.182958
17	-42	-40	120	1214.61039
18	-40	-38	120	1214.356443
19	-38	-36	120	1213.364141
20	-36	-34	120	1211.535333
21	-34	-32	120	1208.714507
22	-32	-30	120	1204.663376
23	-30	-28	120	1199.007823
24	-28	-26	120	1188.887431
25	-26	-24	94.875	1174.657563
26	-24	-22	73.125	1163.857564
27	-22	-20	60.125	1157.395432
28	-20	-18	51	1154.68078
29	-18	-16	43	1154.17832
30	-16	-14	36.25	1155.717837
31	-14	-12	30.625	1158.66803
32	-12	-10	26.5	1162.712129
33	-10	-8	23.125	1167.548658
34	-8	-6	20.75	1171.835587
35	-6	-4	19	1175.496399
36	-4	-2	16	1177.990033
37	-2	0	16	1179.769168
38	0	2	15.125	1180.852618
39	2	4	15	1181.173734
40	4	6	17.25	1181.31674
41	6	8	17.5	1181.307656
42	8	10	17.375	1181.351752
43	10	12	17.625	1181.31954
44	12	14	18.875	1181.331885
45	14	16	19.375	1181.417178
46	16	18	22	1181.328572
47	18	20	23.875	1181.318231
48	20	22	25	1181.356744
49	22	24	30	1181.392502
50	24	26	41	1181.52762
51	26	28	51.375	1181.390171
52	28	30	27.375	1180.917858
── 设定点 1150 °C　夹头 450 °C　片 1「HC1|HC2」　T管根 1177.7532 °C　单元 1006　列 53　切点 x -0　压接入口 x -100　舌尖 x -140
k	X0_mm	X1_mm	Area_mm2	Tmean_C
0	-140	-133	420	450
1	-133	-122	660	450
2	-122	-111	660	450
3	-111	-100	660	450
4	-100	-96.165678	230.05932	504.202445
5	-96.165678	-85.165678	660	694.477334
6	-85.165678	-75.51206	579.21708	884.908199
7	-75.51206	-68.0862	445.5516	996.177622
8	-68.0862	-62.374	342.732	1059.659313
9	-62.374	-57.98	263.64	1097.618294
10	-57.98	-54.6	202.8	1121.251798
11	-54.6	-52	156	1136.476304
12	-52	-50	120	1146.571396
13	-50	-48	120	1154.327553
14	-48	-46	120	1161.107321
15	-46	-44	120	1166.949013
16	-44	-42	120	1171.883549
17	-42	-40	120	1175.933453
18	-40	-38	120	1179.111301
19	-38	-36	120	1181.417342
20	-36	-34	120	1182.835819
21	-34	-32	120	1183.329254
22	-32	-30	120	1182.829436
23	-30	-28	120	1181.219121
24	-28	-26	120	1177.797863
25	-26	-24	94.875	1173.027131
26	-24	-22	73.125	1169.422996
27	-22	-20	60.125	1167.415683
28	-20	-18	51	1166.751199
29	-18	-16	43	1166.875046
30	-16	-14	36.25	1167.713988
31	-14	-12	30.625	1169.031308
32	-12	-10	26.5	1170.666301
33	-10	-8	23.125	1172.474672
34	-8	-6	20.75	1174.019713
35	-6	-4	19	1175.277636
36	-4	-2	16	1176.104738
37	-2	0	16	1176.67294
38	0	2	15.125	1177.01287
39	2	4	15	1177.106228
40	4	6	17.25	1177.144904
41	6	8	17.5	1177.142286
42	8	10	17.375	1177.158725
43	10	12	17.625	1177.151294
44	12	14	18.875	1177.153897
45	14	16	19.375	1177.177178
46	16	18	22	1177.146526
47	18	20	23.875	1177.140624
48	20	22	25	1177.154964
49	22	24	30	1177.16941
50	24	26	41	1177.212573
51	26	28	51.375	1177.164051
52	28	30	27.375	1177.002252
── 设定点 1150 °C　夹头 450 °C　片 2「出口」　T管根 1216.5909 °C　单元 1006　列 53　切点 x -0　压接入口 x -100　舌尖 x -140
k	X0_mm	X1_mm	Area_mm2	Tmean_C
0	-140	-133	420	450
1	-133	-122	660	450
2	-122	-111	660	450
3	-111	-100	660	450
4	-100	-96.165678	230.05932	557.922509
5	-96.165678	-85.165678	660	901.656553
6	-85.165678	-75.51206	579.21708	1133.918727
7	-75.51206	-68.0862	445.5516	1225.731993
8	-68.0862	-62.374	342.732	1263.951642
9	-62.374	-57.98	263.64	1281.558323
10	-57.98	-54.6	202.8	1290.218262
11	-54.6	-52	156	1294.605944
12	-52	-50	120	1296.817069
13	-50	-48	120	1298.018384
14	-48	-46	120	1298.523954
15	-46	-44	120	1298.334266
16	-44	-42	120	1297.422083
17	-42	-40	120	1295.727676
18	-40	-38	120	1293.151076
19	-38	-36	120	1289.540026
20	-36	-34	120	1284.671564
21	-34	-32	120	1278.224004
22	-32	-30	120	1269.733864
23	-30	-28	120	1258.50948
24	-28	-26	120	1240.047436
25	-26	-24	94.875	1218.30249
26	-24	-22	73.125	1202.035193
27	-22	-20	60.125	1191.253906
28	-20	-18	51	1185.53292
29	-18	-16	43	1183.017439
30	-16	-14	36.25	1183.472643
31	-14	-12	30.625	1186.150732
32	-12	-10	26.5	1190.602528
33	-10	-8	23.125	1196.380297
34	-8	-6	20.75	1201.70321
35	-6	-4	19	1206.357348
36	-4	-2	16	1209.556595
37	-2	0	16	1211.870477
38	0	2	15.125	1213.308516
39	2	4	15	1213.744387
40	4	6	17.25	1213.942966
41	6	8	17.5	1213.936461
42	8	10	17.375	1213.994624
43	10	12	17.625	1213.953907
44	12	14	18.875	1213.971861
45	14	16	19.375	1214.086575
46	16	18	22	1213.978801
47	18	20	23.875	1213.970291
48	20	22	25	1214.017445
49	22	24	30	1214.056032
50	24	26	41	1214.224298
51	26	28	51.375	1214.046561
52	28	30	27.375	1213.441216
