网格修复 门 带格恒 0 + 电功率闭合　W08 片0　等温 1214 A／1150 °C
开跑 2026-09-18 19:55:10　工作树 D:\WinForm\r48_N　写码 2026-09-18，Fable 5.1
门槛（跑前写死）：舌段带格数 = 0；P_gen/P_net ∈ [0.99, 1.01]；体积 ≤ 0.1 %。
R	w	档	细区mm	细区半径	节点	单元	V_ref	V_mesh	ΔV%	环内V_ref	环内V_mesh(份额)	Δ环内%	环内V_mesh(格心)	Δ环内格心%	跨环格体积最大误差%	舌区V_ref	舌区V_mesh	Δ舌区%	带格	舌中格长宽比	最小覆盖率	孔面数	孔面总长	R_mesh µΩ	P_net W	P_gen W	闭合	Jmax	守恒误差	CG轮	收敛	备注	判读
30.50	30.00	导航	2.000	60.93	59×33	1166	15867.88	15868.06	+0.001	1104.82	1104.98	+0.015	1073.42	-2.842	3.704	15501.15	15501.19	+0.000	0	5.5	0.0005	102	162.106	320.1218	471.794	475.778	1.0084	15.15	4.2e-9	119	是		过
30.50	30.00	判决	1.000	60.93	113×63	4338	15867.88	15868.06	+0.001	1104.82	1105.00	+0.017	1101.84	-0.270	3.394	15501.15	15501.19	+0.000	0	5.5	0.0004	206	162.106	321.8201	474.297	476.435	1.0045	15.63	3.5e-9	244	是		过
30.75	30.00	导航	2.000	61.36	60×33	1196	16024.58	16024.78	+0.001	1151.81	1152.00	+0.016	1181.42	+2.571	0.335	15628.33	15628.37	+0.000	0	5.5	0.0013	102	162.106	325.2159	479.302	483.325	1.0084	14.67	4.1e-10	121	是		过
30.75	30.00	判决	1.000	61.36	113×63	4366	16024.58	16024.78	+0.001	1151.81	1152.01	+0.018	1153.00	+0.103	1.200	15628.33	15628.37	+0.000	0	6.4	0.0026	206	162.106	326.5558	481.277	483.322	1.0043	15.75	3.0e-9	245	是		过
31.00	30.00	导航	2.000	61.73	59×33	1184	16160.23	16160.45	+0.001	1200.07	1200.30	+0.018	1203.40	+0.277	0.335	15734.87	15734.91	+0.000	0	6.4	0.0015	100	162.106	330.3980	486.939	489.889	1.0061	14.95	8.7e-10	119	是		过
31.00	30.00	判决	1.000	61.73	114×63	4450	16160.23	16160.45	+0.001	1200.07	1200.30	+0.019	1199.34	-0.061	0.335	15734.87	15734.91	+0.000	0	5.5	0.0029	204	162.106	330.9549	487.760	489.481	1.0035	15.10	7.9e-9	239	是		过
31.01	30.00	导航	2.000	61.75	59×33	1184	16165.37	16165.57	+0.001	1202.03	1202.24	+0.017	1208.51	+0.539	0.335	15738.82	15738.86	+0.000	0	6.4	0.0015	100	162.106	330.4300	486.986	489.952	1.0061	14.86	8.9e-10	119	是		过
31.01	30.00	判决	1.000	61.75	114×63	4454	16165.37	16165.57	+0.001	1202.03	1202.24	+0.018	1192.27	-0.812	0.403	15738.82	15738.86	+0.000	0	5.5	0.0030	204	162.106	331.2753	488.232	489.912	1.0034	15.72	8.1e-9	239	是		过
31.25	30.00	导航	2.000	62.06	60×33	1208	16297.11	16297.32	+0.001	1263.58	1263.79	+0.016	1242.83	-1.643	43.753	15828.09	15828.14	+0.000	0	6.4	0.0000	102	162.106	332.9524	490.704	494.732	1.0082	14.67	3.1e-9	120	是		过
31.25	30.00	判决	1.000	62.06	116×65	4552	16297.11	16297.32	+0.001	1263.58	1263.80	+0.017	1259.07	-0.357	34.979	15828.09	15828.14	+0.000	0	5.5	0.0001	206	162.106	334.2952	492.683	494.733	1.0042	15.75	1.1e-8	240	是		过
30.00	29.50	导航	2.000	60.91	58×33	1146	15764.79	15764.97	+0.001	991.01	991.21	+0.020	1015.36	+2.457	0.337	15437.10	15437.13	+0.000	0	7.3	0.0011	102	162.106	319.7432	471.236	475.497	1.0090	14.56	1.8e-9	116	是		过
30.00	29.50	判决	1.000	60.91	112×63	4280	15764.79	15764.97	+0.001	991.01	991.17	+0.017	988.58	-0.245	1.923	15437.10	15437.13	+0.000	0	11.0	0.0014	206	162.106	321.7792	474.237	476.262	1.0043	15.30	6.0e-9	243	是		过
30.00	29.55	导航	2.000	60.81	58×31	1132	15762.84	15763.03	+0.001	994.01	994.20	+0.019	985.41	-0.865	0.340	15437.05	15437.08	+0.000	0	5.5	0.0180	102	162.106	318.8403	469.906	473.976	1.0087	14.95	3.2e-9	117	是		过
30.00	29.55	判决	1.000	60.81	111×63	4250	15762.84	15763.03	+0.001	994.01	994.19	+0.018	1003.33	+0.938	1.923	15437.05	15437.08	+0.000	0	10.0	0.0014	204	162.106	320.1711	471.867	473.803	1.0041	15.29	5.9e-9	240	是		过
30.00	29.70	导航	2.000	60.48	58×31	1146	15669.37	15669.54	+0.001	1000.87	1001.04	+0.017	994.82	-0.604	0.338	15349.97	15350.00	+0.000	0	5.5	0.0180	100	162.106	315.3576	464.773	468.149	1.0073	14.14	2.3e-9	119	是		过
30.00	29.70	判决	1.000	60.48	111×63	4248	15669.37	15669.54	+0.001	1000.87	1001.06	+0.018	1009.58	+0.870	1.923	15349.97	15350.00	+0.000	0	7.9	0.0014	204	162.106	316.5806	466.575	468.536	1.0042	15.31	1.4e-9	236	是		过
30.00	29.80	导航	2.000	60.21	58×31	1132	15565.86	15566.03	+0.001	1005.72	1005.91	+0.019	1021.65	+1.584	0.336	15251.68	15251.71	+0.000	0	5.5	0.0180	102	162.106	312.1397	460.030	464.304	1.0093	14.59	2.3e-9	118	是		过
30.00	29.80	判决	1.000	60.21	111×61	4194	15565.86	15566.03	+0.001	1005.72	1005.89	+0.017	1006.15	+0.042	1.923	15251.68	15251.71	+0.000	0	5.5	0.0014	206	162.106	314.1783	463.035	465.065	1.0044	15.33	2.7e-10	236	是		过
── 不过 0　2026-09-18，Fable 5.1
