网格修复 门(b) 连续性　W08 片0　盘径 30.00～31.50 每 0.01（舌半宽 30，舌长按搜形状规则）　导航 vs 判决网格，等温电流场
开跑 2026-09-19 02:18:28　工作树 D:\WinForm\r48_N　写码 2026-09-18，Fable 5.1
门槛（跑前写死）：相邻两点 |ΔV_mesh − ΔV_ref| ≤ 一格体积（= 最大格面积 × 板厚）；网格误差 e = (R_导航 − R_判决)/R_判决 的相邻变化 |Δe| ≤ 0.2 %，且 |e| ≤ 1 %（网格审计 ② 的坏带线）；舌段带格数恒 0；电流场须收敛。
⚠ 第一版曾直接判相邻 R_mesh 变化 ≤ 0.2 %：舌长 = √(R²−w²) + 压接 + 自由段在 R = w 处有 √ 奇点（R 30.00 → 30.01 舌长 +0.77 mm、电阻真变 +0.5 %），那是几何不是网格 ⇒ 改判网格误差的连续性，门槛数不变（2026-09-18 Fable 5.1）。
盘径	档	细区mm	细区半径	节点	单元	V_ref	V_mesh	ΔV%	环内V_ref	环内V_mesh(份额)	Δ环内%	环内V_mesh(格心)	Δ环内格心%	跨环格体积最大误差%	舌区V_ref	舌区V_mesh	Δ舌区%	带格	舌中格长宽比	最小覆盖率	孔面数	孔面总长	R_mesh µΩ	P_net W	P_gen W	闭合	Jmax	守恒误差	CG轮	收敛	备注	判决R_mesh µΩ	判决单元	e%	Δe%	ΔV_mesh−ΔV_ref	一格体积	判读
30.00	导航	2.000	59.00	57×31	1116	15220.46	15220.62	+0.001	1038.30	1038.45	+0.014	1075.58	+3.590	0.335	14929.43	14929.46	+0.000	0	5.5	0.0180	100	162.106	299.7156	441.720	444.842	1.0071	14.58	1.4e-9	115	是		300.6779	4164	-0.320	—	—	—	过
30.01	导航	2.000	59.27	58×31	1128	15307.48	15307.63	+0.001	1032.86	1033.03	+0.017	1032.67	-0.019	0.335	15010.58	15010.59	+0.000	0	5.5	0.0193	102	162.106	302.0584	445.172	449.215	1.0091	14.63	1.4e-9	116	是		303.3953	4150	-0.441	-0.121	-0.014	16.060	过
30.02	导航	2.000	59.38	58×31	1132	15343.93	15344.08	+0.001	1032.09	1032.26	+0.016	1004.16	-2.707	0.335	15044.17	15044.19	+0.000	0	5.5	0.0207	102	162.106	303.5021	447.300	451.343	1.0090	15.14	3.2e-9	117	是		304.8263	4166	-0.434	0.006	0.009	16.060	过
30.03	导航	2.000	59.47	58×31	1132	15372.06	15372.22	+0.001	1032.07	1032.24	+0.016	1032.30	+0.022	0.335	15069.94	15069.97	+0.000	0	5.5	0.0222	102	162.106	303.8540	447.819	452.019	1.0094	14.77	3.6e-9	117	是		305.7926	4188	-0.634	-0.200	0.011	16.060	过
30.04	导航	2.000	59.54	57×31	1108	15395.89	15396.05	+0.001	1032.47	1032.64	+0.017	1056.13	+2.292	0.335	15091.66	15091.69	+0.000	0	5.5	0.0237	102	162.106	304.7269	449.105	453.080	1.0089	15.08	4.0e-11	116	是		306.5652	4146	-0.600	0.034	-0.001	16.060	过
30.05	导航	2.000	59.61	57×31	1112	15416.98	15417.14	+0.001	1033.10	1033.28	+0.017	1044.74	+1.126	0.335	15110.80	15110.83	+0.000	0	5.5	0.0253	102	162.106	305.8371	450.742	454.463	1.0083	15.64	1.0e-9	116	是		307.2011	4158	-0.444	0.156	-0.002	16.060	过
30.06	导航	2.000	59.66	57×31	1116	15436.11	15436.27	+0.001	1033.92	1034.10	+0.017	1047.63	+1.326	0.335	15128.10	15128.13	+0.000	0	5.5	0.0269	100	162.106	307.2978	452.894	455.900	1.0066	14.77	2.8e-9	116	是		308.1469	4168	-0.276	0.168	0.004	16.060	过
30.07	导航	2.000	59.72	57×31	1120	15453.77	15453.93	+0.001	1034.86	1035.02	+0.015	1065.29	+2.941	1.365	15144.00	15144.03	+0.000	0	5.5	0.0013	100	162.106	307.5222	453.225	456.407	1.0070	14.50	3.1e-9	116	是		308.4853	4172	-0.312	-0.037	0.001	16.060	过
30.08	导航	2.000	59.77	57×31	1120	15470.25	15470.42	+0.001	1035.92	1036.09	+0.016	1065.54	+2.859	1.079	15158.80	15158.83	+0.000	0	5.5	0.0017	100	162.106	307.7367	453.541	456.888	1.0074	14.26	3.4e-9	116	是		308.9660	4176	-0.398	-0.086	-0.001	16.060	过
30.09	导航	2.000	59.81	57×31	1124	15485.78	15485.95	+0.001	1037.05	1037.22	+0.017	1048.59	+1.113	0.819	15172.70	15172.73	+0.000	0	5.5	0.0021	100	162.106	308.3035	454.376	457.593	1.0071	14.18	2.2e-9	117	是		309.5073	4194	-0.389	0.009	-0.001	16.060	过
30.10	导航	2.000	59.86	57×31	1124	15500.50	15500.67	+0.001	1038.25	1038.39	+0.014	1030.83	-0.714	0.335	15185.84	15185.87	+0.000	0	5.5	0.0026	100	162.106	308.4891	454.650	457.960	1.0073	13.97	2.4e-9	117	是		309.8762	4200	-0.448	-0.059	0.009	16.060	过
30.11	导航	2.000	59.90	58×31	1132	15514.56	15514.72	+0.001	1039.52	1039.70	+0.018	1044.88	+0.516	0.554	15198.34	15198.37	+0.000	0	5.5	0.0031	102	162.106	309.4870	456.121	459.979	1.0085	14.95	1.6e-9	117	是		310.4621	4218	-0.314	0.134	-0.011	16.060	过
30.12	导航	2.000	59.94	58×31	1132	15528.01	15528.18	+0.001	1040.83	1041.00	+0.016	1042.10	+0.121	0.448	15210.27	15210.30	+0.000	0	5.5	0.0037	102	162.106	309.6566	456.371	460.332	1.0087	14.77	1.9e-9	117	是		310.8582	4222	-0.387	-0.072	0.006	16.060	过
30.13	导航	2.000	59.98	58×31	1132	15540.95	15541.11	+0.001	1042.18	1042.34	+0.015	1038.79	-0.325	0.462	15221.72	15221.75	+0.000	0	5.5	0.0044	102	162.106	309.8211	456.613	460.675	1.0089	14.59	4.2e-10	118	是		311.4116	4230	-0.511	-0.124	0.001	16.060	过
30.14	导航	2.000	60.02	58×31	1134	15553.43	15553.59	+0.001	1043.59	1043.77	+0.017	1051.27	+0.736	0.339	15232.73	15232.76	+0.000	0	5.5	0.0051	102	162.106	310.4204	457.496	461.620	1.0090	14.70	7.9e-10	118	是		312.0174	4236	-0.512	-0.001	-0.003	16.060	过
30.15	导航	2.000	60.05	58×31	1134	15565.49	15565.66	+0.001	1045.02	1045.17	+0.015	1047.10	+0.199	0.335	15243.36	15243.39	+0.000	0	5.5	0.0058	102	162.106	310.5703	457.717	461.924	1.0092	14.54	1.0e-9	118	是		312.2799	4240	-0.547	-0.036	0.005	16.060	过
30.16	导航	2.000	60.09	58×31	1136	15577.18	15577.35	+0.001	1046.48	1046.66	+0.017	1042.55	-0.376	0.335	15253.63	15253.66	+0.000	0	5.5	0.0067	102	162.106	311.2424	458.708	462.755	1.0088	15.13	1.4e-9	118	是		312.5674	4182	-0.424	0.124	0.006	16.060	过
30.17	导航	2.000	60.12	58×31	1136	15588.54	15588.71	+0.001	1047.97	1048.15	+0.017	1021.43	-2.532	0.379	15263.58	15263.62	+0.000	0	5.5	0.0075	102	162.106	311.3771	458.906	463.010	1.0089	14.98	1.6e-9	118	是		312.8403	4184	-0.468	-0.044	-0.001	16.060	过
30.18	导航	2.000	60.15	58×31	1136	15599.59	15599.76	+0.001	1049.49	1049.67	+0.017	1032.48	-1.621	0.335	15273.25	15273.28	+0.000	0	5.5	0.0084	102	162.106	311.5112	459.104	463.270	1.0091	14.84	1.8e-9	118	是		313.1533	4198	-0.524	-0.057	0.001	16.060	过
30.19	导航	2.000	60.18	58×31	1136	15610.36	15610.54	+0.001	1051.02	1051.21	+0.018	1043.26	-0.739	0.335	15282.65	15282.68	+0.000	0	5.5	0.0094	102	162.106	311.6428	459.298	463.524	1.0092	14.71	1.9e-9	118	是		313.5817	4206	-0.618	-0.094	0.005	16.060	过
30.20	导航	2.000	60.21	58×31	1138	15620.88	15621.05	+0.001	1052.60	1052.79	+0.018	1037.53	-1.432	0.335	15291.80	15291.83	+0.000	0	5.5	0.0104	102	162.106	311.7812	459.502	463.791	1.0093	14.58	1.1e-9	118	是		313.8112	4212	-0.647	-0.029	-0.008	16.060	过
30.21	导航	2.000	60.24	58×31	1142	15631.15	15631.32	+0.001	1054.17	1054.30	+0.012	1047.80	-0.604	0.335	15300.72	15300.75	+0.000	0	5.5	0.0114	102	162.106	312.4664	460.512	464.509	1.0087	15.07	4.9e-10	118	是		314.3051	4218	-0.585	0.062	0.003	16.060	过
30.22	导航	2.000	60.27	58×31	1142	15641.19	15641.37	+0.001	1055.78	1055.95	+0.016	1057.85	+0.196	0.336	15309.43	15309.46	+0.000	0	5.5	0.0126	102	162.106	312.5852	460.687	464.720	1.0088	14.95	5.9e-10	118	是		314.5622	4220	-0.628	-0.043	0.005	16.060	过
30.23	导航	2.000	60.30	58×31	1144	15651.04	15651.21	+0.001	1057.39	1057.58	+0.018	1067.69	+0.974	0.336	15317.94	15317.97	+0.000	0	5.5	0.0137	102	162.106	313.0392	461.356	465.521	1.0090	14.92	1.1e-9	118	是		314.7841	4224	-0.554	0.074	-0.009	16.060	过
30.24	导航	2.000	60.33	58×31	1150	15660.68	15660.86	+0.001	1059.03	1059.20	+0.016	1077.34	+1.729	0.336	15326.27	15326.30	+0.000	0	5.5	0.0141	100	162.106	314.9386	464.155	467.089	1.0063	14.98	2.6e-9	119	是		315.4811	4232	-0.172	0.382	0.006	16.060	**网格误差台阶 Δe +0.382 %**
30.25	导航	2.000	60.36	58×31	1150	15670.15	15670.32	+0.001	1060.67	1060.86	+0.018	1070.56	+0.933	0.336	15334.42	15334.46	+0.000	0	5.5	0.0162	100	162.106	315.0048	464.253	467.241	1.0064	14.80	2.6e-9	119	是		315.8524	4262	-0.268	-0.096	0.000	16.060	过
30.26	导航	2.000	60.39	58×31	1150	15679.43	15679.61	+0.001	1062.33	1062.53	+0.019	1079.85	+1.650	0.336	15342.42	15342.45	+0.000	0	5.5	0.0175	100	162.106	315.1155	464.416	467.489	1.0066	14.66	2.7e-9	119	是		315.9681	4262	-0.270	-0.001	0.009	16.060	过
30.27	导航	2.000	60.41	58×31	1150	15688.57	15688.75	+0.001	1064.00	1064.21	+0.019	1088.99	+2.348	0.336	15350.25	15350.29	+0.000	0	5.5	0.0189	100	162.106	315.2282	464.582	467.745	1.0068	14.52	2.7e-9	119	是		316.1912	4270	-0.305	-0.035	-0.010	16.060	过
30.28	导航	2.000	60.44	58×31	1150	15697.55	15697.72	+0.001	1065.70	1065.89	+0.019	1065.48	-0.020	0.336	15357.94	15357.98	+0.000	0	5.5	0.0203	100	162.106	315.3403	464.747	467.997	1.0070	14.40	2.8e-9	119	是		316.4416	4276	-0.348	-0.043	0.003	16.060	过
30.29	导航	2.000	60.46	58×31	1150	15706.39	15706.56	+0.001	1067.39	1067.59	+0.019	1074.32	+0.649	0.336	15365.50	15365.53	+0.000	0	5.5	0.0218	100	162.106	315.4511	464.911	468.245	1.0072	14.27	2.9e-9	119	是		316.6809	4278	-0.388	-0.040	-0.006	16.060	过
30.30	导航	2.000	60.49	58×31	1152	15715.07	15715.25	+0.001	1069.10	1069.30	+0.019	1083.01	+1.302	0.336	15372.92	15372.96	+0.000	0	5.5	0.0233	100	162.106	315.8102	465.440	468.774	1.0072	14.27	3.0e-9	119	是		316.8596	4292	-0.331	0.057	0.011	16.060	过
30.31	导航	2.000	60.51	58×31	1154	15723.64	15723.82	+0.001	1070.81	1071.01	+0.019	1091.58	+1.940	0.336	15380.22	15380.26	+0.000	0	5.5	0.0249	100	162.106	316.0322	465.767	468.983	1.0069	14.19	2.2e-9	119	是		317.2362	4298	-0.380	-0.048	-0.001	16.060	过
30.32	导航	2.000	60.54	58×31	1154	15732.08	15732.26	+0.001	1072.53	1072.74	+0.019	1083.78	+1.049	0.336	15387.40	15387.44	+0.000	0	5.5	0.0265	100	162.106	316.1347	465.918	469.186	1.0070	14.07	2.3e-9	119	是		317.4645	4302	-0.419	-0.039	0.007	16.060	过
30.33	导航	2.000	60.56	58×31	1154	15740.41	15740.59	+0.001	1074.27	1074.46	+0.018	1092.11	+1.660	0.336	15394.47	15394.50	+0.000	0	5.5	0.0282	100	162.106	316.2355	466.067	469.384	1.0071	13.96	2.3e-9	119	是		317.6626	4306	-0.449	-0.030	-0.012	16.060	过
30.34	导航	2.000	60.59	59×31	1162	15748.62	15748.80	+0.001	1076.02	1076.19	+0.016	1084.08	+0.749	0.336	15401.43	15401.46	+0.000	0	5.5	0.0300	102	162.106	317.1571	467.425	471.247	1.0082	15.02	1.8e-9	120	是		318.1329	4314	-0.307	0.143	0.007	16.060	过
30.35	导航	2.000	60.61	59×31	1162	15756.73	15756.90	+0.001	1077.77	1077.97	+0.018	1092.18	+1.338	0.336	15408.29	15408.32	+0.000	0	5.5	0.0317	102	162.106	317.2542	467.568	471.449	1.0083	14.91	1.9e-9	120	是		318.2294	4314	-0.306	0.000	-0.003	16.060	过
30.36	导航	2.000	60.63	58×31	1132	15764.72	15764.91	+0.001	1079.53	1079.72	+0.017	1100.19	+1.913	0.336	15415.04	15415.08	+0.000	0	5.5	0.0336	102	162.106	317.3513	467.711	471.651	1.0084	14.80	3.5e-9	118	是		318.4590	4256	-0.348	-0.041	0.002	16.060	过
30.37	导航	2.000	60.65	58×31	1132	15772.63	15772.81	+0.001	1081.30	1081.47	+0.016	1091.85	+0.975	0.336	15421.71	15421.74	+0.000	0	5.5	0.0355	102	162.106	317.4479	467.853	471.853	1.0085	14.70	3.4e-9	118	是		318.7891	4262	-0.421	-0.073	-0.007	16.060	过
30.38	导航	2.000	60.68	58×31	1132	15780.44	15780.61	+0.001	1083.08	1083.21	+0.012	1099.65	+1.530	0.336	15428.28	15428.31	+0.000	0	5.5	0.0374	102	162.106	317.5435	467.994	472.052	1.0087	14.60	3.3e-9	118	是		319.1353	4266	-0.499	-0.078	0.004	16.060	过
30.39	导航	2.000	60.70	58×31	1134	15788.15	15788.33	+0.001	1084.85	1085.05	+0.018	1107.37	+2.075	0.336	15434.76	15434.80	+0.000	0	5.5	0.0394	102	162.106	318.0807	468.786	472.870	1.0087	14.78	3.3e-9	118	是		319.6773	4276	-0.499	-0.001	-0.002	16.060	过
30.40	导航	2.000	60.72	58×31	1134	15795.77	15795.96	+0.001	1086.64	1086.85	+0.019	1098.76	+1.115	0.336	15441.16	15441.20	+0.000	0	5.5	0.0414	102	162.106	318.1715	468.920	473.056	1.0088	14.68	3.2e-9	118	是		319.7692	4276	-0.500	-0.000	0.010	16.060	过
30.41	导航	2.000	60.74	58×31	1134	15803.32	15803.50	+0.001	1088.43	1088.62	+0.017	1106.30	+1.642	0.336	15447.49	15447.52	+0.000	0	5.5	0.0435	102	162.106	318.2618	469.053	473.239	1.0089	14.58	2.2e-9	119	是		319.8620	4276	-0.500	-0.001	-0.007	16.060	过
30.42	导航	2.000	60.76	58×31	1134	15810.79	15810.97	+0.001	1090.24	1090.43	+0.017	1065.05	-2.311	0.336	15453.73	15453.76	+0.000	0	5.5	0.0457	102	162.106	318.3512	469.185	473.419	1.0090	14.48	2.2e-9	119	是		320.0625	4280	-0.535	-0.034	0.000	16.060	过
30.43	导航	2.000	60.78	58×31	1136	15818.17	15818.35	+0.001	1092.03	1092.21	+0.016	1072.43	-1.795	0.336	15459.89	15459.93	+0.000	0	5.5	0.0479	102	162.106	318.9668	470.092	474.137	1.0086	15.14	2.2e-9	119	是		320.2916	4286	-0.414	0.121	0.003	16.060	过
30.44	导航	2.000	60.80	58×31	1136	15825.47	15825.66	+0.001	1093.85	1094.02	+0.016	1079.74	-1.290	0.336	15465.99	15466.02	+0.000	0	5.5	0.0501	102	162.106	319.0495	470.214	474.293	1.0087	15.04	2.2e-9	119	是		320.3801	4286	-0.415	-0.002	0.006	16.060	过
30.45	导航	2.000	60.83	58×31	1136	15832.71	15832.90	+0.001	1095.66	1095.87	+0.019	1086.98	-0.793	0.336	15472.01	15472.05	+0.000	0	5.5	0.0524	102	162.106	319.1332	470.337	474.453	1.0088	14.95	2.1e-9	119	是		320.5977	4296	-0.457	-0.041	-0.008	16.060	过
30.46	导航	2.000	60.85	58×31	1136	15839.87	15840.06	+0.001	1097.48	1097.66	+0.016	1094.14	-0.304	0.336	15477.97	15478.00	+0.000	0	5.5	0.0547	102	162.106	319.2169	470.461	474.616	1.0088	14.87	2.1e-9	119	是		320.7561	4310	-0.480	-0.023	0.011	16.060	过
30.47	导航	2.000	60.87	58×31	1136	15846.98	15847.16	+0.001	1099.31	1099.50	+0.017	1085.00	-1.302	0.336	15483.85	15483.89	+0.000	0	5.5	0.0571	102	162.106	319.3003	470.584	474.777	1.0089	14.78	2.0e-9	119	是		321.1126	4316	-0.564	-0.085	-0.010	16.060	过
30.48	导航	2.000	60.89	58×31	1136	15854.00	15854.19	+0.001	1101.14	1101.28	+0.012	1092.03	-0.827	0.336	15489.68	15489.72	+0.000	0	5.5	0.0596	102	162.106	319.3832	470.706	474.937	1.0090	14.70	2.0e-9	119	是		321.3226	4320	-0.604	-0.039	0.004	16.060	过
30.49	导航	2.000	60.91	58×31	1136	15860.97	15861.16	+0.001	1102.97	1103.18	+0.019	1082.76	-1.832	0.337	15495.45	15495.48	+0.000	0	5.5	0.0621	102	162.106	319.4653	470.827	475.094	1.0091	14.61	2.0e-9	119	是		321.4629	4322	-0.621	-0.018	-0.001	16.060	过
30.50	导航	2.000	60.93	59×33	1162	15867.88	15868.06	+0.001	1104.82	1104.98	+0.015	1073.42	-2.842	0.335	15501.15	15501.19	+0.000	0	5.5	0.0011	102	162.106	320.1218	471.794	475.761	1.0084	15.15	4.2e-9	119	是		321.8201	4334	-0.528	0.094	-0.000	16.060	过
30.51	导航	2.000	60.94	59×33	1162	15874.71	15874.91	+0.001	1106.64	1106.84	+0.017	1080.26	-2.384	0.335	15506.80	15506.83	+0.000	0	5.5	0.0011	102	162.106	320.1970	471.905	475.903	1.0085	15.07	4.2e-9	119	是		322.0361	4336	-0.571	-0.043	0.007	16.060	过
30.52	导航	2.000	60.96	59×33	1166	15881.51	15881.69	+0.001	1108.51	1108.69	+0.017	1070.81	-3.401	0.335	15512.39	15512.42	+0.000	0	5.5	0.0011	102	162.106	320.2740	472.019	476.039	1.0085	14.99	4.3e-9	119	是		322.1161	4340	-0.572	-0.001	-0.007	16.060	过
30.53	导航	2.000	60.98	59×33	1166	15888.23	15888.42	+0.001	1110.34	1110.55	+0.019	1077.54	-2.954	2.015	15517.92	15517.96	+0.000	0	5.5	0.0011	102	162.106	320.3514	472.133	476.178	1.0086	14.91	4.3e-9	119	是		322.3289	4342	-0.613	-0.042	0.011	16.060	过
30.54	导航	2.000	61.00	59×33	1168	15894.91	15895.10	+0.001	1112.21	1112.40	+0.018	1084.21	-2.517	0.335	15523.40	15523.44	+0.000	0	5.5	0.0011	102	162.106	320.7648	472.742	476.906	1.0088	14.93	2.6e-9	120	是		322.5099	4346	-0.541	0.072	-0.009	16.060	过
30.55	导航	2.000	61.02	59×33	1170	15901.53	15901.72	+0.001	1114.06	1114.20	+0.013	1090.84	-2.084	3.423	15528.83	15528.87	+0.000	0	5.5	0.0011	102	162.106	321.3470	473.600	477.313	1.0078	15.57	2.6e-9	120	是		322.7183	4348	-0.425	0.116	0.003	16.060	过
30.56	导航	2.000	61.04	59×33	1174	15908.10	15908.29	+0.001	1115.93	1116.13	+0.018	1097.41	-1.660	0.335	15534.22	15534.25	+0.000	0	5.5	0.0011	100	162.106	322.6682	475.547	478.477	1.0062	14.92	2.5e-9	120	是		323.2364	4358	-0.176	0.249	-0.006	16.060	**网格误差台阶 Δe +0.249 %**
30.57	导航	2.000	61.06	59×33	1174	15914.62	15914.81	+0.001	1117.78	1117.99	+0.019	1103.92	-1.240	0.783	15539.55	15539.58	+0.000	0	5.5	0.0011	100	162.106	322.7293	475.637	478.621	1.0063	14.81	2.4e-9	120	是		323.5768	4362	-0.262	-0.086	0.005	16.060	过
30.58	导航	2.000	61.07	59×33	1174	15921.09	15921.28	+0.001	1119.66	1119.80	+0.013	1110.39	-0.828	0.335	15544.83	15544.87	+0.000	0	5.5	0.0011	100	162.106	322.8025	475.745	478.785	1.0064	14.71	2.4e-9	120	是		323.6540	4362	-0.263	-0.001	-0.001	16.060	过
30.59	导航	2.000	61.09	59×33	1178	15927.51	15927.70	+0.001	1121.52	1121.74	+0.019	1116.81	-0.420	2.040	15550.06	15550.10	+0.000	0	5.5	0.0011	100	162.106	322.8779	475.856	478.956	1.0065	14.62	2.4e-9	120	是		323.7317	4362	-0.264	-0.001	-0.001	16.060	过
30.60	导航	2.000	61.11	59×33	1178	15933.89	15934.07	+0.001	1123.41	1123.60	+0.018	1123.19	-0.019	0.588	15555.26	15555.29	+0.000	0	5.5	0.0011	100	162.106	322.9539	475.968	479.127	1.0066	14.53	2.4e-9	120	是		323.9174	4366	-0.297	-0.034	-0.000	16.060	过
30.61	导航	2.000	61.13	59×33	1178	15940.20	15940.40	+0.001	1125.26	1125.42	+0.014	1129.52	+0.378	2.926	15560.40	15560.44	+0.000	0	5.5	0.0012	100	162.106	323.0300	476.080	479.299	1.0068	14.44	2.4e-9	120	是		323.9940	4370	-0.298	-0.000	0.012	16.060	过
30.62	导航	2.000	61.15	59×33	1182	15946.49	15946.69	+0.001	1127.15	1127.36	+0.019	1135.80	+0.768	0.579	15565.50	15565.54	+0.000	0	5.5	0.0012	100	162.106	323.1058	476.192	479.469	1.0069	14.36	2.4e-9	120	是		324.2071	4372	-0.340	-0.042	0.000	16.060	过
30.63	导航	2.000	61.16	59×33	1182	15952.74	15952.93	+0.001	1129.03	1129.24	+0.018	1142.04	+1.152	0.789	15570.56	15570.60	+0.000	0	5.5	0.0012	100	162.106	323.1813	476.303	479.638	1.0070	14.28	2.4e-9	120	是		324.4117	4314	-0.379	-0.040	-0.006	16.060	过
30.64	导航	2.000	61.18	59×33	1182	15958.93	15959.13	+0.001	1130.92	1131.12	+0.018	1148.24	+1.532	0.502	15575.59	15575.62	+0.000	0	5.5	0.0012	100	162.106	323.2564	476.414	479.805	1.0071	14.19	2.4e-9	120	是		324.4853	4314	-0.379	0.001	0.003	16.060	过
30.65	导航	2.000	61.20	59×33	1184	15965.10	15965.29	+0.001	1132.81	1133.00	+0.017	1154.40	+1.906	0.348	15580.57	15580.60	+0.000	0	5.5	0.0012	100	162.106	323.5799	476.891	480.249	1.0070	14.22	2.5e-9	120	是		324.6302	4332	-0.324	0.055	-0.009	16.060	过
30.66	导航	2.000	61.21	59×33	1186	15971.20	15971.40	+0.001	1134.70	1134.88	+0.016	1144.28	+0.844	1.027	15585.51	15585.54	+0.000	0	5.5	0.0012	100	162.106	323.7693	477.170	480.390	1.0067	14.18	2.8e-9	120	是		324.9737	4338	-0.371	-0.047	0.012	16.060	过
30.67	导航	2.000	61.23	59×33	1186	15977.29	15977.48	+0.001	1136.59	1136.81	+0.019	1150.36	+1.211	0.335	15590.41	15590.44	+0.000	0	5.5	0.0012	100	162.106	323.8405	477.275	480.531	1.0068	14.10	2.7e-9	120	是		325.1713	4342	-0.409	-0.039	-0.006	16.060	过
30.68	导航	2.000	61.25	59×33	1186	15983.33	15983.52	+0.001	1138.50	1138.70	+0.017	1156.39	+1.572	0.346	15595.27	15595.31	+0.000	0	5.5	0.0012	100	162.106	323.9111	477.379	480.671	1.0069	14.02	2.7e-9	120	是		325.2995	4344	-0.427	-0.018	-0.004	16.060	过
30.69	导航	2.000	61.26	59×33	1186	15989.32	15989.52	+0.001	1140.38	1140.53	+0.014	1162.40	+1.931	0.335	15600.10	15600.14	+0.000	0	5.5	0.0012	100	162.106	323.9811	477.482	480.808	1.0070	13.94	2.7e-9	120	是		325.4119	4348	-0.440	-0.013	0.011	16.060	过
30.70	导航	2.000	61.28	60×33	1194	15995.29	15995.49	+0.001	1142.28	1142.48	+0.018	1168.36	+2.283	0.335	15604.89	15604.93	+0.000	0	5.5	0.0012	102	162.106	324.3525	478.029	481.996	1.0083	13.97	1.7e-9	120	是		325.7138	4352	-0.418	0.022	-0.000	16.060	过
30.71	导航	2.000	61.30	60×33	1196	16001.23	16001.42	+0.001	1144.19	1144.37	+0.016	1174.29	+2.631	0.335	15609.64	15609.68	+0.000	0	5.5	0.0012	102	162.106	324.9417	478.898	482.753	1.0081	14.96	4.9e-10	121	是		325.9180	4358	-0.300	0.118	-0.009	16.060	过
30.72	导航	2.000	61.31	60×33	1196	16007.11	16007.31	+0.001	1146.09	1146.31	+0.019	1163.94	+1.557	0.335	15614.37	15614.40	+0.000	0	5.5	0.0013	102	162.106	325.0103	478.999	482.896	1.0081	14.88	4.8e-10	121	是		325.9864	4358	-0.299	0.000	0.008	16.060	过
30.73	导航	2.000	61.33	60×33	1196	16012.97	16013.17	+0.001	1147.99	1148.20	+0.018	1169.80	+1.900	0.335	15619.05	15619.09	+0.000	0	5.5	0.0013	102	162.106	325.0790	479.100	483.039	1.0082	14.81	4.6e-10	121	是		326.1878	4360	-0.340	-0.041	-0.002	16.060	过
30.74	导航	2.000	61.35	60×33	1196	16018.80	16018.99	+0.001	1149.92	1150.11	+0.017	1175.63	+2.236	0.335	15623.71	15623.75	+0.000	0	5.5	0.0013	102	162.106	325.1475	479.201	483.182	1.0083	14.74	4.4e-10	121	是		326.3577	4364	-0.371	-0.031	-0.007	16.060	过
30.75	导航	2.000	61.36	60×33	1196	16024.58	16024.78	+0.001	1151.81	1152.00	+0.016	1181.42	+2.571	0.335	15628.33	15628.37	+0.000	0	5.5	0.0013	102	162.106	325.2159	479.302	483.325	1.0084	14.67	4.1e-10	121	是		326.5558	4366	-0.410	-0.039	0.010	16.060	过
30.76	导航	2.000	61.38	60×33	1196	16030.34	16030.54	+0.001	1153.72	1153.88	+0.014	1187.18	+2.900	0.335	15632.92	15632.96	+0.000	0	5.5	0.0013	102	162.106	325.2840	479.402	483.467	1.0085	14.60	3.8e-10	121	是		326.8761	4370	-0.487	-0.077	0.006	16.060	过
30.77	导航	2.000	61.39	60×33	1198	16036.06	16036.27	+0.001	1155.62	1155.85	+0.019	1192.90	+3.226	0.335	15637.48	15637.52	+0.000	0	5.5	0.0013	102	162.106	325.7950	480.155	484.231	1.0085	14.80	5.2e-10	121	是		327.3933	4376	-0.488	-0.001	0.006	16.060	过
30.78	导航	2.000	61.41	60×33	1198	16041.78	16041.97	+0.001	1157.57	1157.74	+0.015	1198.60	+3.545	0.335	15642.01	15642.05	+0.000	0	5.5	0.0013	102	162.106	325.8603	480.252	484.365	1.0086	14.73	4.7e-10	121	是		327.4584	4376	-0.488	0.000	-0.021	16.060	过
30.79	导航	2.000	61.43	60×33	1198	16047.45	16047.63	+0.001	1159.48	1159.69	+0.018	1188.03	+2.462	0.335	15646.50	15646.54	+0.000	0	5.5	0.0013	102	162.106	325.9255	480.348	484.498	1.0086	14.65	4.3e-10	121	是		327.5251	4376	-0.488	-0.000	-0.003	16.060	过
30.80	导航	2.000	61.44	60×33	1198	16053.07	16053.27	+0.001	1161.39	1161.60	+0.017	1193.66	+2.778	0.335	15650.97	15651.01	+0.000	0	5.5	0.0013	102	162.106	325.9906	480.444	484.630	1.0087	14.58	3.8e-10	121	是		327.5921	4376	-0.489	-0.000	0.014	16.060	过
30.81	导航	2.000	61.46	60×33	1198	16058.67	16058.88	+0.001	1163.31	1163.54	+0.020	1166.79	+0.299	0.335	15655.41	15655.45	+0.000	0	5.5	0.0013	102	162.106	326.0554	480.539	484.761	1.0088	14.51	3.3e-10	121	是		327.7674	4380	-0.522	-0.033	0.001	16.060	过
30.82	导航	2.000	61.47	60×33	1198	16064.25	16064.45	+0.001	1165.24	1165.45	+0.018	1172.36	+0.611	0.335	15659.82	15659.86	+0.000	0	5.5	0.0013	102	162.106	326.1199	480.634	484.890	1.0089	14.44	2.8e-10	121	是		327.8337	4380	-0.523	-0.000	-0.006	16.060	过
30.83	导航	2.000	61.49	60×33	1200	16069.80	16070.00	+0.001	1167.16	1167.37	+0.018	1177.91	+0.922	0.335	15664.21	15664.25	+0.000	0	5.5	0.0013	102	162.106	326.7104	481.504	485.556	1.0084	15.12	2.1e-10	121	是		328.0375	4386	-0.405	0.118	0.001	16.060	过
30.84	导航	2.000	61.50	60×33	1200	16075.32	16075.52	+0.001	1169.09	1169.30	+0.018	1183.43	+1.227	0.335	15668.56	15668.60	+0.000	0	5.5	0.0014	102	162.106	326.7707	481.593	485.669	1.0085	15.06	1.5e-10	121	是		328.1021	4390	-0.406	-0.001	0.005	16.060	过
30.85	导航	2.000	61.52	60×33	1200	16080.82	16081.02	+0.001	1171.01	1171.20	+0.016	1188.93	+1.530	0.335	15672.89	15672.93	+0.000	0	5.5	0.0014	102	162.106	326.8318	481.683	485.786	1.0085	14.99	9.6e-11	121	是		328.2965	4392	-0.446	-0.040	-0.005	16.060	过
30.86	导航	2.000	61.53	60×33	1200	16086.29	16086.48	+0.001	1172.95	1173.14	+0.016	1194.39	+1.828	0.335	15677.19	15677.23	+0.000	0	5.5	0.0014	102	162.106	326.8932	481.774	485.905	1.0086	14.93	3.9e-11	121	是		328.3604	4392	-0.447	-0.001	-0.001	16.060	过
30.87	导航	2.000	61.55	60×33	1200	16091.72	16091.93	+0.001	1174.87	1175.02	+0.013	1199.84	+2.125	0.335	15681.47	15681.51	+0.000	0	5.5	0.0014	102	162.106	326.9547	481.864	486.024	1.0086	14.86	1.9e-11	121	是		328.4960	4408	-0.469	-0.022	0.004	16.060	过
30.88	导航	2.000	61.56	60×33	1200	16097.13	16097.34	+0.001	1176.80	1177.00	+0.016	1205.25	+2.417	0.335	15685.72	15685.76	+0.000	0	5.5	0.0014	102	162.106	327.0161	481.955	486.143	1.0087	14.80	7.6e-11	121	是		328.8306	4414	-0.552	-0.083	0.003	16.060	过
30.89	导航	2.000	61.58	60×33	1200	16102.53	16102.73	+0.001	1178.74	1178.89	+0.013	1194.40	+1.329	0.335	15689.94	15689.98	+0.000	0	5.5	0.0014	102	162.106	327.0773	482.045	486.261	1.0087	14.74	1.3e-10	121	是		329.0184	4416	-0.590	-0.038	-0.008	16.060	过
30.90	导航	2.000	61.59	60×33	1200	16107.89	16108.09	+0.001	1180.67	1180.87	+0.017	1199.76	+1.617	0.335	15694.14	15694.18	+0.000	0	5.5	0.0014	102	162.106	327.1383	482.135	486.379	1.0088	14.68	1.9e-10	121	是		329.0796	4420	-0.590	0.000	0.007	16.060	过
30.91	导航	2.000	61.61	60×33	1200	16113.23	16113.43	+0.001	1182.60	1182.77	+0.014	1205.10	+1.903	0.335	15698.32	15698.36	+0.000	0	5.5	0.0014	102	162.106	327.1991	482.225	486.495	1.0089	14.61	2.4e-10	121	是		329.1985	4422	-0.607	-0.017	0.004	16.060	过
30.92	导航	2.000	61.62	60×33	1204	16118.56	16118.75	+0.001	1184.56	1184.74	+0.016	1210.42	+2.183	0.335	15702.47	15702.51	+0.000	0	5.5	0.0014	102	162.106	327.3257	482.411	486.714	1.0089	14.57	1.0e-9	120	是		329.4000	4432	-0.630	-0.022	-0.016	16.060	过
30.93	导航	2.000	61.63	60×33	1206	16123.84	16124.04	+0.001	1186.48	1186.64	+0.014	1199.47	+1.095	0.335	15706.60	15706.64	+0.000	0	5.5	0.0014	102	162.106	327.8929	483.247	487.222	1.0082	15.11	1.1e-9	120	是		329.5953	4434	-0.517	0.113	0.008	16.060	过
30.94	导航	2.000	61.65	60×33	1206	16129.11	16129.31	+0.001	1188.43	1188.62	+0.016	1204.74	+1.373	0.335	15710.71	15710.75	+0.000	0	5.5	0.0014	102	162.106	327.9497	483.331	487.337	1.0083	15.05	1.1e-9	120	是		329.7909	4436	-0.558	-0.042	0.003	16.060	过
30.95	导航	2.000	61.66	60×33	1206	16134.35	16134.56	+0.001	1190.35	1190.52	+0.014	1209.98	+1.649	0.335	15714.79	15714.83	+0.000	0	5.5	0.0014	102	162.106	328.0073	483.416	487.439	1.0083	14.99	1.2e-9	120	是		329.8508	4436	-0.559	-0.001	0.005	16.060	过
30.96	导航	2.000	61.68	60×33	1206	16139.57	16139.78	+0.001	1192.31	1192.50	+0.016	1215.21	+1.921	0.335	15718.85	15718.89	+0.000	0	5.5	0.0014	102	162.106	328.0652	483.501	487.543	1.0084	14.93	1.2e-9	120	是		330.0441	4438	-0.600	-0.041	-0.003	16.060	过
30.97	导航	2.000	61.69	60×33	1208	16144.77	16144.98	+0.001	1194.24	1194.40	+0.013	1220.41	+2.191	0.335	15722.88	15722.93	+0.000	0	5.5	0.0014	102	162.106	328.4604	484.084	488.237	1.0086	14.97	1.1e-9	120	是		330.2059	4442	-0.529	0.071	0.005	16.060	过
30.98	导航	2.000	61.71	59×33	1180	16149.95	16150.16	+0.001	1196.20	1196.38	+0.016	1225.59	+2.457	0.335	15726.90	15726.94	+0.000	0	6.4	0.0015	102	162.106	329.0313	484.925	488.653	1.0077	15.64	4.4e-10	120	是		330.3971	4444	-0.413	0.115	-0.006	18.738	过
30.99	导航	2.000	61.72	59×33	1180	16155.11	16155.31	+0.001	1198.13	1198.31	+0.015	1214.50	+1.366	0.335	15730.89	15730.94	+0.000	0	6.4	0.0015	102	162.106	329.0808	484.998	488.714	1.0077	15.57	4.5e-10	120	是		330.4537	4444	-0.415	-0.002	0.003	18.738	过
31.00	导航	2.000	61.73	59×33	1184	16160.23	16160.45	+0.001	1200.07	1200.30	+0.018	1203.40	+0.277	0.335	15734.87	15734.91	+0.000	0	6.4	0.0015	100	162.106	330.3980	486.939	489.872	1.0060	14.95	8.7e-10	119	是		330.9549	4450	-0.168	0.247	0.012	18.738	**网格误差台阶 Δe +0.247 %**
31.01	导航	2.000	61.75	59×33	1184	16165.37	16165.57	+0.001	1202.03	1202.24	+0.017	1208.51	+0.539	0.335	15738.82	15738.86	+0.000	0	6.4	0.0015	100	162.106	330.4300	486.986	489.949	1.0061	14.86	8.9e-10	119	是		331.2753	4454	-0.255	-0.087	-0.018	18.738	过
31.02	导航	2.000	61.76	59×33	1184	16170.46	16170.66	+0.001	1203.99	1204.20	+0.018	1197.37	-0.550	0.335	15742.75	15742.79	+0.000	0	6.4	0.0015	100	162.106	330.4823	487.064	490.065	1.0062	14.78	9.2e-10	119	是		331.3330	4454	-0.257	-0.002	0.003	18.738	过
31.03	导航	2.000	61.77	59×33	1184	16175.54	16175.73	+0.001	1205.93	1206.15	+0.018	1202.44	-0.289	0.335	15746.66	15746.71	+0.000	0	6.4	0.0015	100	162.106	330.5383	487.146	490.190	1.0062	14.71	9.5e-10	119	是		331.3917	4454	-0.258	-0.001	-0.005	18.738	过
31.04	导航	2.000	61.79	59×33	1184	16180.58	16180.79	+0.001	1207.88	1208.09	+0.018	1207.50	-0.032	0.335	15750.56	15750.60	+0.000	0	6.4	0.0015	100	162.106	330.5955	487.230	490.321	1.0063	14.64	6.8e-10	120	是		331.4508	4454	-0.258	-0.001	0.013	18.738	过
31.05	导航	2.000	61.80	59×33	1184	16185.61	16185.82	+0.001	1209.82	1210.06	+0.019	1212.53	+0.224	0.335	15754.43	15754.47	+0.000	0	6.4	0.0015	100	162.106	330.6532	487.315	490.451	1.0064	14.57	7.1e-10	120	是		331.6185	4462	-0.291	-0.033	-0.003	18.738	过
31.06	导航	2.000	61.82	59×33	1184	16190.63	16190.84	+0.001	1211.79	1211.99	+0.017	1201.30	-0.865	0.335	15758.28	15758.32	+0.000	0	6.4	0.0015	100	162.106	330.7113	487.401	490.582	1.0065	14.51	7.3e-10	120	是		331.6771	4462	-0.291	-0.000	-0.004	18.738	过
31.07	导航	2.000	61.83	59×33	1184	16195.63	16195.83	+0.001	1213.74	1213.96	+0.018	1190.06	-1.951	0.335	15762.11	15762.15	+0.000	0	6.4	0.0015	100	162.106	330.7693	487.487	490.712	1.0066	14.44	7.5e-10	120	是		331.7356	4462	-0.291	-0.000	-0.003	18.738	过
31.08	导航	2.000	61.84	59×33	1184	16201.34	16201.55	+0.001	1216.43	1216.62	+0.015	1195.77	-1.698	0.334	15765.93	15765.97	+0.000	0	6.4	0.0015	100	162.106	330.8274	487.572	490.843	1.0067	14.38	7.7e-10	120	是		331.9310	4468	-0.333	-0.041	0.007	18.772	过
31.09	导航	2.000	61.86	59×33	1188	16207.08	16207.28	+0.001	1219.16	1219.37	+0.018	1201.51	-1.447	1.115	15769.72	15769.76	+0.000	0	6.4	0.0015	100	162.106	330.8853	487.657	490.972	1.0068	14.31	8.1e-10	120	是		331.9883	4468	-0.332	0.000	-0.002	18.808	过
31.10	导航	2.000	61.87	59×33	1188	16212.80	16213.01	+0.001	1221.91	1222.06	+0.013	1207.23	-1.201	2.115	15773.50	15773.54	+0.000	0	6.4	0.0015	100	162.106	330.9431	487.743	491.101	1.0069	14.25	8.4e-10	120	是		332.1751	4474	-0.371	-0.039	-0.005	18.843	过
31.11	导航	2.000	61.88	59×33	1188	16218.50	16218.71	+0.001	1224.63	1224.84	+0.017	1212.94	-0.954	0.823	15777.26	15777.30	+0.000	0	6.4	0.0015	100	162.106	331.0006	487.827	491.229	1.0070	14.18	8.8e-10	120	是		332.2318	4474	-0.371	0.000	0.016	18.879	过
31.12	导航	2.000	61.90	59×33	1190	16224.20	16224.41	+0.001	1227.40	1227.59	+0.016	1202.40	-2.037	0.570	15781.00	15781.04	+0.000	0	6.4	0.0016	100	162.106	331.3073	488.279	491.637	1.0069	14.23	1.1e-9	120	是		332.3602	4490	-0.317	0.054	-0.012	18.914	过
31.13	导航	2.000	61.91	59×33	1192	16229.87	16230.09	+0.001	1230.13	1230.37	+0.019	1208.08	-1.793	0.417	15784.72	15784.76	+0.000	0	6.4	0.0016	100	162.106	331.4808	488.535	491.747	1.0066	14.21	1.5e-9	120	是		332.6884	4496	-0.363	-0.046	0.014	18.950	过
31.14	导航	2.000	61.92	59×33	1192	16235.54	16235.76	+0.001	1232.90	1233.13	+0.019	1197.51	-2.870	0.332	15788.43	15788.47	+0.000	0	6.4	0.0016	100	162.106	331.5360	488.616	491.857	1.0066	14.15	1.6e-9	120	是		332.8693	4498	-0.401	-0.038	0.001	18.985	过
31.15	导航	2.000	61.94	59×33	1192	16241.20	16241.42	+0.001	1235.65	1235.88	+0.018	1203.16	-2.629	0.332	15792.11	15792.16	+0.000	0	6.4	0.0016	100	162.106	331.5908	488.697	491.965	1.0067	14.08	1.6e-9	120	是		332.9234	4500	-0.400	0.000	-0.001	19.021	过
31.16	导航	2.000	61.95	59×33	1192	16246.85	16247.06	+0.001	1238.44	1238.66	+0.018	1208.81	-2.393	0.331	15795.79	15795.83	+0.000	0	6.4	0.0016	100	162.106	331.6455	488.778	492.073	1.0067	14.02	1.6e-9	120	是		333.0359	4502	-0.417	-0.017	-0.013	19.056	过
31.17	导航	2.000	61.96	59×33	1192	16252.48	16252.69	+0.001	1241.20	1241.40	+0.016	1214.44	-2.157	0.421	15799.44	15799.48	+0.000	0	6.4	0.0016	100	162.106	331.6998	488.858	492.179	1.0068	13.96	1.7e-9	120	是		333.1300	4504	-0.429	-0.012	0.007	19.092	过
31.18	导航	2.000	61.97	59×33	1194	16258.10	16258.31	+0.001	1244.00	1244.20	+0.016	1220.06	-1.925	3.111	15803.08	15803.12	+0.000	0	6.4	0.0011	100	162.106	332.0550	489.381	493.332	1.0081	14.01	2.1e-9	120	是		333.4209	4514	-0.410	0.020	-0.006	19.127	过
31.19	导航	2.000	61.99	60×33	1204	16263.70	16263.92	+0.001	1246.77	1246.95	+0.015	1225.66	-1.693	0.665	15806.70	15806.74	+0.000	0	6.4	0.0015	102	162.106	332.6314	490.231	494.064	1.0078	15.01	2.9e-9	120	是		333.6102	4516	-0.293	0.116	0.008	19.163	过
31.20	导航	2.000	62.00	60×33	1204	16269.31	16269.51	+0.001	1249.57	1249.79	+0.017	1231.26	-1.466	0.330	15810.30	15810.35	+0.000	0	6.4	0.0016	102	162.106	332.6845	490.309	494.174	1.0079	14.95	2.9e-9	120	是		333.6630	4516	-0.293	0.000	-0.010	19.199	过
31.21	导航	2.000	62.01	60×33	1204	16274.88	16275.10	+0.001	1252.35	1252.59	+0.020	1236.84	-1.238	0.553	15813.89	15813.94	+0.000	0	6.4	0.0016	102	162.106	332.7379	490.388	494.285	1.0079	14.89	2.9e-9	120	是		333.7163	4516	-0.293	0.000	0.015	19.234	过
31.22	导航	2.000	62.02	60×33	1204	16280.46	16280.67	+0.001	1255.16	1255.37	+0.016	1242.42	-1.016	0.660	15817.47	15817.51	+0.000	0	6.4	0.0016	102	162.106	332.7915	490.467	494.396	1.0080	14.84	3.0e-9	120	是		333.9035	4518	-0.333	-0.040	-0.010	19.270	过
31.23	导航	2.000	62.04	60×33	1204	16286.03	16286.23	+0.001	1257.97	1258.19	+0.018	1247.98	-0.794	0.329	15821.02	15821.07	+0.000	0	6.4	0.0016	102	162.106	332.8452	490.546	494.508	1.0081	14.78	3.0e-9	120	是		334.0507	4520	-0.361	-0.028	-0.009	19.305	过
31.24	导航	2.000	62.05	60×33	1204	16291.56	16291.78	+0.001	1260.77	1260.95	+0.014	1253.53	-0.574	0.329	15824.57	15824.61	+0.000	0	6.4	0.0016	102	162.106	332.8988	490.625	494.620	1.0081	14.72	3.1e-9	120	是		334.1115	4522	-0.363	-0.002	0.019	19.341	过
31.25	导航	2.000	62.06	60×33	1204	16297.11	16297.32	+0.001	1263.58	1263.79	+0.016	1242.83	-1.643	0.328	15828.09	15828.14	+0.000	0	6.4	0.0016	102	162.106	332.9524	490.704	494.732	1.0082	14.67	3.1e-9	120	是		334.2952	4548	-0.402	-0.039	-0.008	19.376	过
31.26	导航	2.000	62.07	60×33	1204	16302.64	16302.85	+0.001	1266.41	1266.63	+0.018	1248.36	-1.425	0.328	15831.61	15831.65	+0.000	0	6.4	0.0016	102	162.106	333.0058	490.783	494.843	1.0083	14.61	3.2e-9	120	是		334.6030	4552	-0.477	-0.076	0.005	19.412	过
31.27	导航	2.000	62.09	60×33	1204	16308.17	16308.37	+0.001	1269.24	1269.45	+0.017	1253.88	-1.210	0.419	15835.10	15835.15	+0.000	0	6.4	0.0016	102	162.106	333.0591	490.861	494.954	1.0083	14.56	3.2e-9	120	是		334.8401	4560	-0.532	-0.055	-0.014	19.447	过
31.28	导航	2.000	62.10	60×33	1206	16313.68	16313.88	+0.001	1272.08	1272.30	+0.017	1259.39	-0.998	0.327	15838.59	15838.63	+0.000	0	6.4	0.0017	102	162.106	333.5550	491.592	495.687	1.0083	14.77	3.0e-9	120	是		335.1559	4568	-0.478	0.054	0.002	19.483	过
31.29	导航	2.000	62.11	60×33	1206	16319.17	16319.38	+0.001	1274.90	1275.09	+0.015	1264.89	-0.785	0.327	15842.05	15842.10	+0.000	0	6.4	0.0017	102	162.106	333.6064	491.668	495.792	1.0084	14.72	3.0e-9	120	是		335.2077	4568	-0.478	-0.000	0.004	19.519	过
31.30	导航	2.000	62.12	60×33	1206	16324.65	16324.87	+0.001	1277.74	1277.94	+0.016	1270.37	-0.576	0.326	15845.51	15845.55	+0.000	0	6.4	0.0017	102	162.106	333.6579	491.744	495.897	1.0084	14.66	3.1e-9	120	是		335.2603	4568	-0.478	-0.000	0.008	19.554	过
31.31	导航	2.000	62.14	60×33	1210	16330.13	16330.35	+0.001	1280.57	1280.80	+0.018	1275.85	-0.369	2.227	15848.95	15848.99	+0.000	0	6.4	0.0012	102	162.106	333.7092	491.819	496.001	1.0085	14.60	3.1e-9	120	是		335.3132	4568	-0.478	-0.000	0.001	19.590	过
31.32	导航	2.000	62.15	60×33	1210	16335.60	16335.82	+0.001	1283.43	1283.66	+0.017	1281.32	-0.164	0.326	15852.37	15852.41	+0.000	0	6.4	0.0016	102	162.106	333.7605	491.895	496.105	1.0086	14.55	3.2e-9	120	是		335.4752	4572	-0.511	-0.033	-0.002	19.625	过
31.33	导航	2.000	62.16	60×33	1210	16341.07	16341.28	+0.001	1286.29	1286.52	+0.018	1270.55	-1.224	0.797	15855.78	15855.82	+0.000	0	6.4	0.0017	102	162.106	333.8117	491.970	496.208	1.0086	14.49	3.2e-9	120	是		335.5278	4572	-0.511	-0.000	-0.007	19.661	过
31.34	导航	2.000	62.17	60×33	1210	16346.51	16346.74	+0.001	1289.14	1289.33	+0.015	1276.00	-1.020	1.057	15859.18	15859.22	+0.000	0	6.4	0.0017	102	162.106	333.8628	492.046	496.310	1.0087	14.44	3.3e-9	120	是		335.5803	4576	-0.512	-0.000	0.014	19.696	过
31.35	导航	2.000	62.19	60×33	1212	16351.96	16352.18	+0.001	1292.00	1292.21	+0.016	1281.44	-0.818	0.342	15862.56	15862.60	+0.000	0	6.4	0.0017	102	162.106	334.4406	492.897	496.952	1.0082	15.13	3.6e-9	120	是		335.7707	4582	-0.396	0.116	-0.006	19.732	过
31.36	导航	2.000	62.20	60×33	1212	16357.39	16357.61	+0.001	1294.88	1295.11	+0.018	1286.87	-0.618	1.119	15865.93	15865.97	+0.000	0	6.4	0.0017	102	162.106	334.4883	492.968	497.041	1.0083	15.08	3.6e-9	120	是		335.8219	4582	-0.397	-0.001	-0.000	19.767	过
31.37	导航	2.000	62.21	60×33	1216	16362.82	16363.04	+0.001	1297.75	1297.97	+0.017	1292.30	-0.420	2.017	15869.29	15869.33	+0.000	0	6.4	0.0013	102	162.106	334.5367	493.039	497.133	1.0083	15.03	3.7e-9	120	是		335.8734	4582	-0.398	-0.001	-0.001	19.803	过
31.38	导航	2.000	62.22	60×33	1216	16368.23	16368.46	+0.001	1300.63	1300.86	+0.018	1297.72	-0.224	0.506	15872.63	15872.67	+0.000	0	6.4	0.0017	102	162.106	334.5854	493.111	497.227	1.0083	14.97	3.7e-9	120	是		336.0544	4584	-0.437	-0.039	0.009	19.839	过
31.39	导航	2.000	62.23	60×33	1216	16373.64	16373.87	+0.001	1303.50	1303.69	+0.014	1303.13	-0.029	3.131	15875.96	15876.00	+0.000	0	6.4	0.0017	102	162.106	334.6344	493.183	497.321	1.0084	14.92	3.8e-9	120	是		336.1054	4524	-0.438	-0.001	-0.000	19.874	过
31.40	导航	2.000	62.25	60×33	1216	16379.05	16379.27	+0.001	1306.41	1306.63	+0.017	1308.53	+0.162	0.346	15879.28	15879.32	+0.000	0	6.4	0.0017	102	162.106	334.6834	493.255	497.416	1.0084	14.87	3.8e-9	120	是		336.2285	4540	-0.460	-0.022	-0.006	19.910	过
31.41	导航	2.000	62.26	60×33	1216	16384.44	16384.66	+0.001	1309.29	1309.54	+0.019	1313.92	+0.353	0.730	15882.58	15882.63	+0.000	0	6.4	0.0017	102	162.106	334.7324	493.327	497.511	1.0085	14.82	3.9e-9	120	是		336.4132	4544	-0.500	-0.040	0.003	19.945	过
31.42	导航	2.000	62.27	60×33	1216	16389.81	16390.04	+0.001	1312.18	1312.41	+0.017	1319.30	+0.542	0.374	15885.87	15885.92	+0.000	0	6.4	0.0017	102	162.106	334.7814	493.400	497.606	1.0085	14.77	3.9e-9	120	是		336.7274	4562	-0.578	-0.078	0.013	19.981	过
31.43	导航	2.000	62.28	60×33	1216	16395.21	16395.42	+0.001	1315.10	1315.32	+0.016	1324.68	+0.728	0.461	15889.15	15889.20	+0.000	0	6.4	0.0017	102	162.106	334.8304	493.472	497.700	1.0086	14.72	4.0e-9	120	是		336.7760	4562	-0.578	0.000	-0.024	20.016	过
31.44	导航	2.000	62.29	60×33	1216	16400.57	16400.79	+0.001	1318.01	1318.22	+0.016	1330.05	+0.913	0.587	15892.42	15892.46	+0.000	0	6.4	0.0017	102	162.106	334.8792	493.544	497.794	1.0086	14.67	4.0e-9	120	是		336.8251	4566	-0.578	-0.000	0.010	20.052	过
31.45	导航	2.000	62.30	60×33	1216	16405.93	16406.15	+0.001	1320.92	1321.15	+0.017	1335.41	+1.097	0.450	15895.67	15895.72	+0.000	0	6.4	0.0018	102	162.106	334.9279	493.615	497.887	1.0087	14.62	4.1e-9	120	是		336.9321	4568	-0.595	-0.017	-0.004	20.087	过
31.46	导航	2.000	62.32	60×33	1218	16411.29	16411.50	+0.001	1323.85	1324.08	+0.017	1324.52	+0.051	0.321	15898.92	15898.96	+0.000	0	6.4	0.0018	102	162.106	334.9905	493.708	498.008	1.0087	14.58	4.9e-9	120	是		337.0252	4572	-0.604	-0.009	-0.002	20.123	过
31.47	导航	2.000	62.33	60×33	1222	16416.62	16416.85	+0.001	1326.75	1326.94	+0.014	1329.87	+0.235	0.320	15902.15	15902.19	+0.000	0	6.4	0.0018	102	162.106	335.6058	494.615	498.591	1.0080	15.15	4.3e-9	121	是		337.3079	4576	-0.505	0.099	0.013	20.159	过
31.48	导航	2.000	62.34	60×33	1222	16421.98	16422.19	+0.001	1329.70	1329.92	+0.017	1335.21	+0.414	0.320	15905.36	15905.41	+0.000	0	6.4	0.0018	102	162.106	335.6508	494.681	498.664	1.0081	15.10	4.3e-9	121	是		337.4922	4578	-0.546	-0.041	-0.014	20.194	过
31.49	导航	2.000	62.35	60×33	1222	16427.30	16427.52	+0.001	1332.61	1332.87	+0.019	1340.54	+0.595	0.320	15908.57	15908.61	+0.000	0	6.4	0.0018	102	162.106	335.6967	494.749	498.762	1.0081	15.05	4.4e-9	121	是		337.5400	4578	-0.546	-0.000	0.011	20.230	过
31.50	导航	2.000	62.36	60×33	1222	16432.63	16432.85	+0.001	1335.56	1335.76	+0.015	1345.87	+0.772	0.625	15911.76	15911.81	+0.000	0	6.4	0.0018	102	162.106	335.7432	494.817	498.844	1.0081	15.00	4.4e-9	121	是		337.5882	4578	-0.547	-0.000	-0.004	20.265	过
── 不过 3 点：盘径30.24: 网格误差台阶 Δe +0.382 %　盘径30.56: 网格误差台阶 Δe +0.249 %　盘径31.00: 网格误差台阶 Δe +0.247 %　总耗时 78 s　2026-09-18，Fable 5.1
